ID,EBV,PEV
7802773,-13.737910805091262,464.381417295011
7802774,-35.57051234984398,556.983556585113
7802775,-18.771986189842224,575.4995786102768
7802777,-29.307973245859145,632.265457296017
7802780,-39.408764772892,656.5507624222568
7802781,-6.419212981283665,263.2563108250506
7802783,-31.33908275490999,717.53069125472
7802784,-15.056508521437644,362.58895411017363
7802785,-22.595587742447854,531.6390973798713
7802790,-43.09118556303531,861.0724787374196
7802791,-18.085991694383324,573.9100541525282
7802793,-22.16757623103261,470.7323756559446
7802796,-31.71284164261818,524.6542951770676
7802803,-15.688920402765275,404.27798207000683
7802804,-32.40070531708002,750.6631280679057
7802810,-12.655024368107318,521.9015160181891
7802814,-26.932569674015046,539.8481436165487
7802815,-16.684156504273414,444.79418932309034
7802816,-16.72040654838085,306.38203631443196
7802818,-22.95257156190276,554.4856689949471
7802823,-16.883740821763872,567.9693077419524
7802832,-10.965567107409239,324.9960396667299
7802833,-24.72307307165861,493.67636128529125
7802834,-20.72422652465105,420.1744054697138
7802835,-13.845595776766539,474.0313528598052
7802842,-23.21986131951213,548.4693579311315
7802844,-12.451976421624423,517.8666239824762
7802850,-20.669258774027227,574.5579881319404
7802853,-28.552063759177923,670.1562483499819
7802854,-30.150804798722266,634.4164924900122
7802856,-20.252964361071587,419.0570269747898
7802860,-16.973903744101523,610.2975956967963
7802861,-11.768573533087968,430.1792258284397
7802862,-33.132406716644766,707.3004927423392
7802869,-23.97763812828064,605.6937553983934
7802872,-24.376228550761937,632.6192372307852
7802873,-26.403030915617943,567.493322494059
7802875,2.2791922823637725,254.87917826132522
7802878,5.017416008532047,250.39255673982814
7802879,-16.01484472601861,752.4142721883076
7802883,-34.428828541517255,573.4194455704427
7802886,-8.395132402271033,264.46392898259546
7802891,-21.922127359867098,450.2605719589734
7802892,-16.94267666745186,545.8559727522371
7802898,-36.980656426075846,655.2080807674575
7802899,-31.15337064576149,696.823176472828
7802901,-37.58418996226788,638.3990211643635
7802906,-20.231801761493088,713.1682736574177
7802908,-15.068200183928013,531.2830187364732
7802909,-20.605010451853275,630.9935794967264
7802910,-28.44840865191817,730.2057130318941
7802911,-29.572564322531225,636.1972046712906
7802913,-25.464304535984994,504.28687781021756
7802915,-15.98469920039177,387.954884579455
7802917,-27.662018638134004,467.18379112921195
7802918,-9.86733100631833,364.90146398352306
7802919,-13.208291556358338,588.1242843217767
7802920,-31.284684682786466,871.9356395738511
7802927,-33.05075776036084,500.56837056357324
7802929,-31.222630626894535,911.7657121937427
7802930,-17.093275622189044,847.6910868749834
7802931,-32.80954359710216,872.27891582483
7802932,-5.144998781301081,406.18031377921767
7802934,-40.50952568167448,669.6102502175492
7802936,-4.737526605546474,253.0518095951271
7802937,-13.678502516001464,341.6524618891625
7802938,-23.64638198488951,510.059170872006
7802942,-15.809190928280353,511.1444490677404
7802943,-20.829405723929405,567.9154042091933
7802944,-28.826376954436302,440.1449244875959
7802947,-15.283897684395313,470.23678046259766
7802950,-46.68766705960035,879.6160876806933
7802956,-23.773618304014207,484.2189588602745
7802962,-6.552720628559589,350.08402741419343
7802971,-45.42170341086388,842.8222390664117
7802973,-27.007004626750945,628.9056491494921
7802974,-17.10167132437229,457.3266498370133
7802975,-19.71921406057384,586.5833124188383
7802979,-22.203657014966012,455.92751132471324
7802981,-18.610478668630122,522.252727864683
7802982,-25.56060311742872,704.4682228202919
7802983,-19.369762618124486,585.7317885243687
7802985,-27.797383407473564,475.2100604645734
7802989,-42.0457067489326,1152.460919027427
7802990,-30.287723326683043,564.2898130305045
7802992,-10.360117687880994,337.6673687620415
7802995,-21.766166694164276,401.30344189345254
7802998,-25.187196810096502,567.1579630154174
7802999,-19.024106219679116,833.438501550034
7803001,-34.93015824580193,588.3257385111076
7803002,-14.792900180250406,510.32185177643424
7803010,-25.49350968813896,432.0204394396642
7803011,-5.400582665510476,398.8328759692379
7803013,-9.272123760700225,335.87346141827754
7803014,-27.223683242589235,505.2786407649557
7803018,-24.77161689054966,541.5385437754804
7803019,-25.85353365725279,593.039504628249
7803022,-6.062374426960945,284.8780721000838
7803023,-28.567093440443276,560.1021639632602
7803029,-42.69027159535885,684.6377865100073
7803030,-21.151077036857604,477.6299271088487
7803032,-21.599793928205965,517.0176826053934
7803039,-27.66174437960982,685.473789658552
7803040,-20.251678605526685,383.8470939128844
7803046,-10.163256908982992,388.8571002323269
7803047,-25.001042719453572,433.2533232151025
7803049,-29.877865368381144,581.6176673082834
7803052,-19.39721795079112,593.5577921953897
7803053,-23.508266195118427,575.1429184280421
7803054,-11.342710069924593,533.1344560961778
7803059,-37.392972736418244,838.8540119256704
7803064,-16.45738590693474,526.2363621827596
7803065,-31.252196862369775,522.8265797916981
7803066,-21.711745618581773,590.3966253181985
7803068,-21.843475411117076,714.2592609148671
7803069,-6.580539841860533,401.2432114619896
7803074,-38.36323067486286,746.5995344447449
7803075,-11.635696889221668,499.9117436061596
7803076,-21.43653090393543,409.4574260877381
7803078,-8.328237967193127,446.1505736815521
7803081,-32.769725186228754,536.1752904752292
7803082,-33.68904223394394,696.2156061061947
7803083,-28.208695982277394,607.6805024409914
7803084,-23.938118071615698,637.3492381246385
7803085,-20.50342414315045,564.4331263714078
7803086,-28.786009649664162,508.060813246504
7803087,-21.008224643431603,430.9327345119595
7803089,-13.295155653357506,475.85948378573573
7803090,-19.923578459113838,373.3983761710632
7803091,-29.550477016851307,673.8143305570273
7803094,-31.192987134590744,537.7145134494317
7803095,-6.361125929474831,478.0151472629619
7803096,-29.17106553542614,628.6274636533118
7803097,-10.661024197459222,413.40359654730554
7803098,-18.769332777827977,422.2926067373408
7803104,-25.565438390135764,405.5032567054822
7803106,-10.709218773245812,504.76946768044917
7803107,-36.697455368459224,566.931235238816
7803108,-24.825747515916824,614.9458215174465
7803110,-14.393732124991715,580.1020504093086
7803111,-22.06383875566721,542.8091807212289
7803112,-26.561129890501498,538.0120442699372
7803113,-11.975971575200557,461.72452790019685
7803114,-20.44220987597108,655.9820527777796
7803115,-30.037854671776294,603.5008623778717
7803116,-24.887901685744524,615.2823951057363
7803120,-13.18785538804531,654.1266918782845
7803123,-0.6219472610503435,338.36384900666826
7803124,-22.39860207347572,508.21239823449037
7803125,-17.960444698959588,510.8581704160851
7803126,-27.93675802731514,435.5852563228547
7803129,-18.040678991258144,597.1150788883333
7803132,-11.626173691868782,511.1794196407802
7803133,-20.259893377184866,540.0018207785898
7803136,-14.708196571797133,442.7562167607565
7803137,-16.17755174340308,516.7686872769235
7803139,-30.905598572790623,781.5148249614952
7803145,-15.107100340664386,442.9955039274841
7803147,-14.908822095811367,470.5759893540847
7803151,-18.88119918817282,581.8015128630814
7803153,-29.817157276690008,818.9298496794734
7803155,-0.8372691007256508,225.59320081789818
7803158,-9.64222822278738,304.9002904869028
7803159,-26.334000900387764,453.1664774986769
7803160,-27.430481620669365,539.3249904480315
7803163,-26.909602042555807,730.2212180180046
7803164,-31.623003994464874,568.5916921104122
7803168,-30.09122118899226,630.2524492829214
7803169,-35.30273232138157,626.0322168181459
7803172,-29.744891473412515,675.5637698252309
7803173,-14.735204717576504,368.4514612783237
7803174,-40.60743455779552,657.2288500716537
7803175,-19.88811100835353,608.5857438060943
7803176,-13.891653619647027,347.8245171761011
7803179,-14.040688895463944,425.4710266897847
7803180,-19.6200558244884,426.9839797179648
7803181,-13.530620662242175,460.2321482389166
7803182,-6.288999282293021,384.6511510738508
7803184,-11.893231376051903,441.8947679840985
7803185,-19.840608209967613,653.6934116713228
7803187,-19.181262129575014,460.84249018644897
7803188,-34.055297257840635,473.9949149685916
7803194,-22.91363853687048,473.3673746195078
7803198,-19.286226797133683,611.8038880118305
7803199,-27.830150707542895,490.3790170354899
7803200,-29.1823879942894,542.1320424113094
7803201,-20.10853344510123,725.4735027491331
7803202,-6.100130394175649,388.3779261638255
7803203,-29.70191260433197,444.58758673107064
7803204,-25.13816085357964,508.3886197530327
7803207,-34.02451404976845,739.6259613454031
7803212,-13.667240422606469,403.00010240303516
7803214,-18.60456485080719,495.86310826349677
7803217,-25.616828999578953,698.7886047571191
7803219,-32.96728402793408,609.8824670753432
7803220,-21.465326058626175,525.651391467794
7803221,-17.471205820202826,471.9230139774616
7803222,-14.027998467460275,503.9832448651968
7803223,-20.137288570851087,501.0983059089122
7803224,-9.257429895579815,290.7122613243323
7803225,-34.11831074655056,488.1760758471579
7803226,-23.319562130510807,502.5766879723839
7803227,-27.441498991817237,569.7532272989957
7803228,-29.71330142378807,597.8557430055091
7803230,-30.18848570650816,452.5353955562902
7803232,-30.533237149745226,618.6821924638283
7803233,-9.585071363821626,510.99181005456376
7803234,-27.334657182216645,756.4760573073262
7803235,-23.45256222271919,450.2304581425373
7803237,-16.794043816119434,611.7236479314665
7803238,-7.1254284955635665,355.3707723904722
7803239,-16.885687584787608,458.9709008868633
7803242,-17.381106642454863,510.4563707044183
7803244,-19.06237424406409,365.60551762170655
7803252,-25.819087040424346,626.7964995512748
7803253,-3.4222878833413124,464.41063402248056
7803254,-24.25222469842434,511.06902268731113
7803258,-12.08443183043599,351.493099463342
7803259,-24.66780617725849,549.4845704786248
7803260,-12.96160054846108,586.8066077446098
7803262,-11.626961814939976,434.05795256447163
7803264,-31.285390956997873,643.6785343799809
7803268,-27.73503945159912,429.2792089233261
7803270,-24.45038110280037,541.55995873364
7803274,-34.69439717131853,717.1422865046671
7803279,-8.949358309626579,464.1721571084117
7803281,-31.790885309696197,715.6131370866484
7803283,-24.423477926850317,592.0856164968229
7803284,-6.642221417814493,262.1560961318639
7803285,-17.84835439002514,411.16710481324
7803288,-20.28298209258914,608.8376038835221
7803290,-22.90657720899582,664.3115783325175
7803292,-26.149106282621624,764.008839096756
7803293,-27.88041374909878,684.090973921248
7803294,-27.01126951056719,641.3714911084495
7803299,-30.048693764150144,578.844879786621
7803301,-12.609833769261837,413.655677564021
7803302,-19.888709145367145,485.1754702287062
7803303,-23.733168118834495,634.0163728485538
7803305,-25.592725801467896,423.7945715453159
7803306,-37.825235579133036,573.5680468201919
7803310,-18.87444900161028,460.9624571978018
7803312,-28.51308488434553,694.6803952463158
7803313,-29.30760186290741,543.1469392665754
7803315,-35.40666250213981,594.421996063108
7803317,-32.41621816903353,534.8814013419357
7803318,1.4616714217960836,299.4865531791368
7803319,-18.692678024053574,465.5292741904012
7803331,-24.599819377064705,415.82055212097316
7803333,-25.070270254433154,620.2449236119443
7803334,-17.72325032287836,505.6810608375829
7803338,-35.22363885501027,729.2789448285507
7803339,-5.369214365357533,466.94218025692106
7803340,-25.03902299635112,579.852431210658
7803341,-22.123646676450967,704.1641200186511
7803342,-27.62995829667151,683.8735185213422
7803343,-20.12816602525115,665.2000892862313
7803344,-29.34277171087265,452.80820098948635
7803345,-28.424406548112632,666.4521204877867
7803346,-18.510422684431077,480.1392278176178
7803347,-25.857703860759734,381.59188201386706
7803348,-20.04792343774438,519.916395256619
7803354,-16.481418936640026,546.131089722887
7803355,-28.67852647769451,616.2558099077952
7803360,-8.946327911257743,511.2224928452658
7803361,-16.396119934603572,502.5631714729684
7803362,-25.875823128938674,556.2136473895343
7803363,-13.890933888837695,480.1334525179588
7803365,-13.204074168354273,474.9232397005415
7803366,-9.264346040308476,457.102711000767
7803368,-30.89811027273536,649.0447996582656
7803370,-0.776193081855774,301.1133142236722
7803371,-17.557395063102245,571.154984749612
7803373,-10.101592522650957,314.45505283730563
7803375,-39.661995589733124,653.8753242577062
7803376,-43.12037853395939,716.3966491647094
7803379,-33.13387480884791,561.1889538476763
7803381,-15.49540024253726,392.5700840026107
7803383,-30.35877887785435,643.740740275667
7803384,1.1742076929807663,216.21109750329197
7803385,-19.656328894622625,607.8288203964329
7803392,-24.167341928362845,566.1324581073893
7803393,-35.84108108184487,616.3323939561468
7803394,-24.519543390154837,590.9808292852339
7803395,-36.299685713887214,568.2227642989301
7803397,-30.85293250003457,769.8639840445159
7803398,-30.918450031779706,856.5887837979442
7803399,-32.01024346390366,717.6528458951445
7803400,-40.88070710873604,740.8549010295126
7803401,-31.64182921759784,611.7688467427706
7803402,-4.410223363339901,387.1021008589763
7803405,-25.81018390160799,595.9775983198837
7803406,-13.802986611872912,592.9222396920851
7803407,-17.62686491918564,605.0754403638703
7803408,-12.377951791375876,428.678793656976
7803410,-24.87787485072017,538.4664457633779
7803413,-38.6997188462317,691.3310271656838
7803414,-17.835774522304536,405.2345995430927
7803415,-34.44562847650051,693.271826021494
7803417,-34.55052709209919,584.5117005021256
7803419,-33.38244461324811,665.1234829666543
7803420,-32.96421331089735,609.9403635762408
7803423,-32.14935951095819,533.3323028292649
7803426,-29.245524222046136,658.2172140226098
7803427,-14.440257730484008,413.50739785363413
7803428,-12.62681538373232,492.8982976588172
7803429,-22.70301074051857,494.2884785452299
7803432,-32.6904760081172,736.9320195941218
7803433,-17.183605451703073,473.68196701521424
7803434,-22.215602432399987,772.5886309675212
7803435,-26.72346212399006,412.81449307840563
7803436,-31.56869618074596,610.6860193335559
7803437,-23.462817205488683,607.6868505719307
7803438,-15.677213534235955,547.9933397564146
7803439,-10.238074836835265,518.9815261950587
7803459,-8.38122784781456,283.0713178273809
7803461,-14.873179533928633,537.0553401938046
7803463,-17.5509404951334,315.54428106913633
7803464,-20.129549375653266,431.10232149966816
7803467,-12.460585593342781,284.2390165445064
7803471,-27.620331810355186,436.5827625441945
7803473,-23.49461849148944,556.0793712467729
7803475,-23.97787195199728,531.8773087766533
7803476,-24.908102065950633,549.4119713017016
7803480,-15.519579139590263,407.5543051175825
7803481,-22.48925604313612,547.305152374403
7803482,-13.317830994322897,530.9912527324778
7803483,-26.06257598054409,484.2095014631061
7803485,-32.66964061897993,630.8651254931398
7803486,-31.28917274826765,617.178546397851
7803488,-9.809129671871663,425.2815042802696
7803489,-29.06906206539832,643.0129404940009
7803492,-3.8797128313183786,375.95576936493535
7803495,-37.24430471730232,559.74939409859
7803496,-24.6359763122648,605.0396234725501
7803497,-30.070236473441124,695.1875155686948
7803499,-18.732522695451976,435.8815779167827
7803502,-21.806838023066522,512.24325865792
7803503,-14.451912812680005,541.3845426649357
7803504,-23.646420029878616,610.5862945339712
7803505,-33.14274712491036,658.3709464217086
7803506,-28.380757124990225,591.5205435044882
7803507,-21.31228131777048,438.55171115594163
7803508,-24.149987760365008,549.4627444723817
7803509,-11.98541658309102,410.5476326183199
7803510,-24.43265883255005,520.1517921534687
7803511,-17.379260916136204,482.3389430582764
7803513,-23.92308435690403,640.0723552537718
7803514,-25.046469618039204,797.0470626038807
7803516,-35.313096968472,582.6217113150112
7803518,-35.38378478358686,700.8359973905563
7803519,-18.819653678894042,400.20366823388656
7803520,-22.014935538589956,432.71070874533416
7803521,-5.397320323929191,300.6312004631133
7803522,-34.32881490033865,605.9940600742439
7803523,-36.43981133419089,699.0037927770418
7803524,-42.343571091383694,870.9775662176581
7803526,-32.355598516821864,559.4612185837425
7803528,-32.09862508752942,541.3029174942905
7803539,-15.04903246475756,591.8276252132245
7803540,-34.59896450868249,805.8880131888477
7803541,-29.803695550590753,664.5812596464209
7803542,-21.76776514917612,456.14866399662066
7803543,-10.529578453063964,495.7618362999504
7803544,-34.79012133431435,584.081514230491
7803545,-19.53121670910716,618.0681302209933
7803546,-19.51066808539629,604.4073775704169
7803547,-27.923940839171408,489.98501034858464
7803548,-26.295964169234036,483.56372051542337
7803549,-9.80404751494527,390.28685398908885
7803550,-26.177568571196403,621.3091444862517
7803554,-16.137251098632813,300.677489597786
7803555,-34.17079947566986,525.8716382251127
7803556,-28.063432879805564,599.7872857627453
7803557,-14.821811569780111,634.0105477925786
7803558,-19.942019777178764,420.0436278486721
7803559,-5.013352699354291,327.73899766176993
7803563,-25.516002556085585,642.4252793526882
7803566,-23.822218063533306,633.2718667120552
7803567,-13.366807690292596,450.1868302282257
7803568,-26.506719103872776,645.220904139662
7803569,-24.535425149206073,517.3634824019821
7803570,-16.501806409105658,456.8976945629212
7803574,-30.68661060732603,533.7630412658274
7803575,-29.250500739693642,458.1771122371134
7803578,-31.869470967173577,684.0436155943303
7803579,-24.068213778808712,773.5263324672047
7803580,-38.08200844040513,854.9181850287915
7803581,-27.639534640729426,555.3871988351708
7803582,-27.267296127423645,488.53424171658287
7803584,-23.884761752575635,886.6028314004972
7803585,-29.30807102867961,569.2735658052804
7803586,-14.713020092666149,535.8706997736499
7803588,-38.62319691386819,580.7356111258986
7803595,-35.338254971802236,571.9547720211551
7803597,-27.78308433954045,505.905587450516
7803598,-12.651291972666979,357.08626072935033
7803599,-30.75727202028036,693.0899165309347
7803600,-16.04493904405087,631.7140169375025
7803601,-11.151861619487406,522.2125886643896
7803602,-30.374219082295895,738.3336473058091
7803603,-8.970799248993396,409.7584004462339
7803604,-10.586553801745175,389.7417388488387
7803606,-31.260319522351026,769.515655402611
7803607,-28.643832506343724,535.6780682316105
7803608,-34.822649047732355,705.8971907771746
7803611,-21.51077514833212,673.6732571692656
7803612,-21.139893305540085,518.469501137158
7803613,-35.83102263134718,591.2018990569677
7803614,-3.2344572974741457,422.6982993438381
7803616,-27.007097614616157,522.931803648082
7803617,-26.406141516149045,499.615285523518
7803618,-29.82178422665596,589.8970527191799
7803629,-38.900682710766795,725.2589359653916
7803634,-21.38568389749527,451.2014071663475
7803639,-29.9749052259326,485.7374362504118
7803641,-26.81624132359028,508.13348923074943
7803642,-33.758718885473904,527.7914029654183
7803644,-27.8007019610554,439.8335083213843
7803645,-26.31925928044319,639.9738597607688
7803648,-18.52057079061866,531.4106479585614
7803650,-16.088879400461913,411.2964380125006
7803652,-28.924987587273122,505.46960996123477
7803657,-33.80845318672061,577.2183356860561
7803658,-25.139660944893958,448.149667283375
7803659,-21.943889022827147,664.3785524240003
7803662,-30.60485649204254,569.9434926785465
7803663,-23.682811531484127,641.2769666542572
7803664,-46.345948482990266,875.8308168398049
7803665,-18.631307314246893,589.5228872463948
7803668,-26.797230760529636,611.7765843991313
7803679,-22.778621498130263,500.75360419863
7803680,-31.951270607352257,452.0014813597305
7803683,-39.37264588940143,585.1165398495752
7803684,-15.366046154491602,330.56288495903794
7803685,-27.79127528476715,623.5223496587298
7803687,-22.679356687366962,434.9372103404933
7803689,-19.485743197416888,475.8214537993517
7803692,-13.214114766597747,585.0508992945245
7803693,-35.3269245351553,734.663594713577
7803694,-19.27349658693373,434.6665179465563
7803709,-27.428793701946734,469.5084578795227
7803710,-31.634689696460963,562.9019154617527
7803711,-25.030675110630693,534.3694052074857
7803719,-18.95999032869935,584.960542735502
7803720,-40.05353314781189,652.3149492289037
7803721,-19.051940220326184,464.2478912457073
7803725,-7.185211943387985,567.8632356659535
7803726,-28.765726020812988,743.1551143826313
7803728,-32.32214769268036,725.0483655116665
7803729,-32.01030296114087,639.0313485885509
7803730,-29.932761977910996,459.25662527196755
7803737,-7.792612738110125,451.82567446578275
7803738,-17.55035479173064,532.0972818693936
7803742,-19.026206390738487,553.5075729647074
7803747,-23.404322808623313,515.7770950636523
7803748,-28.871936077922584,525.9593417443697
7803750,-33.16753025133163,706.694621132638
7803753,-20.025295650437474,390.70016406300454
7803758,-8.638129775285721,432.85710109480453
7803760,-26.115490116536616,553.9727093108781
7803761,-33.372228971041736,551.4651319248768
7803762,-30.848933682858945,493.4953686680797
7803763,-25.80952216172218,471.83002390581476
7803764,-14.847557900652289,529.2567448184197
7803765,-28.61672677819431,543.2502550968685
7803766,-31.517993277043104,587.8083731814933
7803767,-11.844336239412426,474.446404580819
7803768,-24.652785243332385,497.45973657043004
7803776,-18.87049472925067,617.2584354211269
7803778,-30.014780875980854,579.429628183722
7803779,-28.516127527549862,633.1066828653305
7803780,-15.36017305342108,328.9872261559409
7803784,-27.738069089353086,558.0593531899558
7803801,-10.076365874171257,423.361473624611
7803804,-4.307501646131277,323.2599132234671
7803805,-28.269430274069308,648.4146330966012
7803808,-23.878293091312052,547.5445565490338
7803809,-15.398141957372427,453.53180928899513
7803813,-5.342504545077682,325.29704012272714
7803814,-26.391258517591282,511.24112044064015
7803816,-36.8702814771086,717.877070865659
7803818,-28.242969676069915,678.6160251144009
7803820,-34.4581726218462,565.2628111591813
7803821,-34.70219975167513,642.5593567520118
7803827,0.07080867812037468,345.96015407374864
7803829,-10.071502619862557,522.3260844227136
7803839,-25.24214362615347,574.15214131847
7803841,-36.90553825128079,739.2477472875568
7803849,-36.90042912775278,707.7256880925918
7803850,-24.718874596834183,570.4196648652885
7803852,-28.87364199385047,632.649141894562
7803853,-34.46581683255732,843.9782033104074
7803856,-31.47779150913656,505.79199250494224
7803857,-2.4023242574334143,274.4759050592236
7803858,-28.915457456886767,630.3453580650174
7803863,-14.582468775078654,637.7370687648761
7803873,-46.424382130026814,598.8859658242561
7803890,-25.804756278812885,524.1366800394619
7803891,-33.754129524588585,677.4191919723419
7803896,-30.59616808272153,529.4264688632912
7803900,-5.821811984151601,281.1483920187058
7803901,-34.700924698710445,765.2980200006367
7803904,-19.84723477035761,454.4533855914331
7803905,-9.414918524563312,364.43771147764403
7803906,-19.3268201341331,481.7379643702685
7803911,-43.71763122421503,729.6947861767578
7803914,-15.584100690856577,313.9200528436891
7803923,-15.303477385029197,482.2790159760124
7803932,-23.1082993735075,576.5268393854135
7803934,-21.86819616508484,362.5370154162357
7803938,-28.341619072519244,661.3570754267442
7803964,-38.14353675855696,770.4431383848367
7803966,-17.241435718685388,468.9232549227324
7803979,-34.373993044152854,566.8530435693191
7803981,-7.169569312214851,366.21782560876915
7803982,-16.730144113361835,325.4482982757448
7803983,-20.674655786961317,526.082255869904
7803984,-21.875923393696546,571.6784426050866
7803987,-26.08218584316969,814.8529514272634
7803989,-19.567944059759377,466.31152541155626
7803994,-8.998347657561302,372.6102455607251
7803995,-29.167228795550763,634.4877157465808
7803999,-15.393942770592869,345.0065022665421
7804002,-29.51469121581316,519.3964503117786
7804009,-33.41804230850935,500.2461910388463
7804013,-25.23246598303318,471.7253971381579
7804015,-28.209329738281667,459.13138751703065
7804016,-32.12275936053693,622.2801390489384
7804030,-16.29086073411256,394.485124387772
7804043,-17.533139101460577,466.3839067104428
7804053,-5.1977783687412735,322.6697298045917
7804054,-31.641051988989116,629.1752220864267
7804059,-23.132166159555315,520.6474895370187
7804067,-32.16828939816356,713.0858430842667
7804079,-32.56020342326164,636.2626448254067
7804081,-31.555767952129244,745.066624115853
7804084,-26.392320998102427,561.1845706676538
7804086,-30.239898303266614,533.5209677696882
7804087,-31.66303667858243,512.4204084408002
7804092,-32.892351799607276,536.8729423174428
7804129,-21.693639557659626,486.89289992725287
7804142,-21.29226566441357,458.73542893343046
7804150,-19.499341599315404,608.9934523804701
7804151,-12.607045696228743,347.0391473055443
7804165,-33.67334801788628,709.3015070548727
7804173,-0.5142325550317765,242.70408963242303
7804182,-18.29745294547081,444.258520146257
7804191,-30.855805829405785,786.4641645538503
7804238,-28.40341453292966,508.38825476103244
7804325,-18.331876668453216,619.4525849938484
7804432,-36.07494894504547,542.4367752384196
7804446,-35.201015412375334,600.8248057780636
7804467,-30.31640406960249,662.1761546135583
7804484,-22.377823204785585,493.76452268526987
7804488,-9.439312658399343,492.01376961481964
7804493,-24.866557821929455,630.2284636779627
7804496,-17.99578181714192,482.2510523523654
7804561,-18.444328276723624,518.0643622289047
7804874,-26.761453966021538,656.1730769306178
7804885,-19.571637654423714,534.9738923645443
7804943,-23.107095454633235,502.05837022447145
7804958,-30.39434282964468,497.18338040172154
7804970,-28.068784044295548,610.8272521747663
7804987,-31.16746518352628,694.966992713643
7805071,-10.716926747918128,458.7028076745597
7805169,-28.738782668441534,517.7894014343044
7805256,-29.423688050955533,643.0559642367904
7805390,0.4691782175898552,333.25658599219327
7805391,-4.545481898337602,350.5618641036292
7805394,-34.46344653648138,826.4398038500049
7805395,-23.66269226118922,551.4277628963738
7805397,-4.109527833878994,377.6075375041836
7805402,-33.042726156949996,568.2561835687992
7805404,-36.75745708143711,716.9665377342612
7805405,-43.81779793158174,924.6039668161459
7805406,-36.68257693362236,709.1168604284292
7805410,-19.605153281152248,322.83711426131106
7805411,7.52010828435421,203.51238109139732
7805412,-24.293519197255375,455.99898765167694
7805413,-12.601723028242588,350.24365149068853
7805418,-19.110501539826394,613.4295584652365
7805421,-40.48126281902194,766.274593290901
7805422,-21.191096543312074,467.78328896811496
7805441,-11.440362786341458,428.9155210721583
7805444,-7.818966633796692,385.45194084998224
7805445,-28.50838796019554,463.7017294919653
7805468,-33.418242274820805,970.5317978482677
7805469,-17.014536236867308,528.7570147639251
7805470,-37.76767387914658,570.8229583942012
7805471,-7.797697200894356,460.24769357391165
7805478,-16.245186651468277,623.6650923670483
7805489,-26.251453780069948,582.3673352392241
7805492,-31.56856546664238,557.8720748450652
7805497,-22.175180837750435,624.3257263728999
7805499,-8.976423980370164,597.9519854429153
7805500,-12.28079530214332,473.54560343339085
7805511,-33.29961602914334,625.1940913732965
7805513,-30.093079567313193,562.5811938109644
7805515,-29.177411380559207,522.24385374314
7805517,-35.457425183206794,585.0479626984235
7805539,-38.89183299195766,593.1201724288524
7805541,-15.03306159183383,396.4866073074483
7805542,-12.897106181412935,467.2638038997813
7805544,-16.627542629629374,429.38478214765945
7805545,-30.988396989405157,565.7421663657278
7805547,-26.95169467663765,564.1663867030637
7805554,-26.21787501013279,757.6254232100556
7805555,-27.437499421715735,603.8023800183851
7805556,-16.80374604561925,336.2290643794536
7805560,-19.473805696696044,428.53732097156865
7805562,-28.41661156490445,574.3676604341907
7805563,-28.366302979063242,599.0811446254426
7805595,-30.47654617333412,587.9153080703966
7805597,-43.88564102125168,766.6552713631903
7805605,-31.527644248068334,597.9860785061918
7805606,-26.973531033203006,478.7403608741589
7805610,-29.3592783831954,456.5413901849128
7805614,-12.961400679171085,410.69219191099603
7805629,-23.18087313140929,526.808571124729
7805630,-20.399239187307657,626.0173684953917
7805635,-29.459447550565006,637.1869100087576
7805636,-32.9221995549798,587.3830707195135
7805645,-33.82653987888247,828.4787357787337
7805649,-14.847659016877413,528.1589557970185
7805651,-18.803865337118506,509.50060867830155
7805652,-43.918385155797004,654.742816300395
7805656,-19.60838186330348,554.2031640178645
7805659,-22.18890827137232,517.2952746224578
7805660,-12.522150678038598,482.8622793787122
7805661,-26.132946825027467,539.578577436796
7805666,-21.548185630308463,450.22979040038234
7805670,-29.136527950555084,616.2671860483205
7805671,-5.082456427559257,264.7242733365513
7805672,-15.778370610773564,635.3561406672379
7805675,-29.06451019731164,601.3902216340505
7805676,-40.35063262826204,735.2916422694487
7805679,-16.726321543715894,344.7812251721486
7805680,-10.867847678393126,437.6057561799038
7805681,-5.971907393440604,390.7897794300178
7805684,-42.63255560028553,665.3510400196868
7805685,-37.1528594096899,786.0790843126896
7805686,-22.70737022268772,510.7807904411714
7805690,-17.72247513139248,406.9588373324881
7805693,-27.2884866848886,608.9825609389594
7805695,-18.610531135052444,587.5376053306762
7805703,-27.76597965040803,618.3713718244087
7805719,-19.09168898522854,470.5169053544248
7805720,-6.452970733076334,429.3360712972529
7805724,-7.466284034520387,417.4604031356728
7805728,-35.448562204509976,734.4613832244003
7805730,-19.89837914940715,604.0051253284821
7805731,-22.94333292466402,483.96515485012196
7805732,-27.273868262946607,662.5803183621308
7805737,-12.347953576549887,434.45241471504846
7805738,-9.966558009892703,523.9633293014599
7805740,-26.93048045834247,598.0361075940958
7805741,-39.74035018014908,582.6514987364102
7805743,-29.233060323596,498.55886801188564
7805748,-26.103094344854355,548.5746460771344
7805750,-17.02444548380375,404.06130771554564
7805752,-31.479188276454806,628.6546912938215
7805753,-31.649966588258742,604.7413915154812
7805757,-29.250473187755794,830.9296020425548
7805759,-40.18779375231266,723.2376360184049
7805762,-37.31555111205578,921.9440701699015
7805767,-32.10036202144623,570.3490365116994
7805770,-16.840902307674288,398.8467816336465
7805772,-43.327165947556495,738.5845205909434
7805774,0.36196438893675803,256.31320850423685
7805776,-31.562374369025232,696.9611104851792
7805778,-17.75407481190562,540.9157901432988
7805780,-8.773971347868443,389.0408788514066
7805781,-5.4386647042930125,347.67817751540775
7805783,-14.401640421546995,392.98239911855114
7805784,-17.85180917402543,454.26281392718613
7805785,-11.835187291428447,585.885904765329
7805786,-29.99584585428238,658.7520826267985
7805787,-25.137449472516774,472.5028456495514
7805799,-32.499533952355385,651.1845300928288
7805802,0.7216948617994785,328.65181187150165
7805804,-15.506686535656453,476.9438192209865
7805805,-7.743454477488995,305.29575328226593
7805809,-41.77190787094831,671.8071532528098
7805811,-13.714356220841408,360.4397545533162
7805815,-29.792012032300235,540.9015419738098
7805819,-11.697335360407829,484.96330020730346
7805820,-26.096717396847904,681.9934054958516
7805823,-15.241054579377174,528.1330136453663
7805826,-17.118439024686815,586.4446649365739
7805833,-15.626984151721,655.7039309570928
7805838,-32.08361776560545,693.9296388047808
7805861,-34.55198038348556,694.7468944922232
7805865,-36.13671166968346,677.7007157055936
7805866,-24.977731197208165,707.8330757853578
7805868,-14.411213941931724,567.0130681665086
7805870,-44.663783644407985,1336.4193544940488
7805890,-15.863930186733603,556.6720761870558
7805893,-34.02457986077666,563.6894550992384
7805896,-16.310396385133267,446.6534052675392
7805897,-44.90614877939224,779.2003690980291
7805899,-22.28654910904169,538.9352253997661
7805900,-18.28526983460784,416.13113149897725
7805901,-0.638190365627408,282.91397836929985
7805903,-8.37297166749835,408.44528195707903
7805904,-5.008230440430343,434.12188602586497
7805911,-11.007121146708727,335.94110509698754
7805912,-19.32665322703123,659.3227216442191
7805914,-28.622996781587602,548.2663668375425
7805916,-31.688959078922867,756.6187717102243
7805917,-11.503414852313698,338.08150189206526
7805919,-37.82676537203789,606.2854034976401
7805920,-21.692011265069247,516.609410224239
7805922,-27.456374778866767,555.2723974153914
7805924,-30.248021290838718,698.9118191783649
7805925,-15.496588910222053,509.7737380605679
7805926,-22.484852786183357,510.3821356462192
7805928,-14.884369406104089,359.4369795372536
7805931,-37.20403034973145,847.7204984864497
7805936,-28.679220175415278,618.1494898968352
7805937,-23.485393413245678,420.31879497760434
7805938,-12.912606464397163,375.2392384733166
7805941,-15.098702801898122,584.4330592639466
7805942,-16.999268238455056,390.38256424702763
7805945,-38.58862186774611,888.6112631957767
7805946,-32.6597763671726,711.4391785174435
7805947,-10.056644721783698,348.87170452753475
7805955,-21.789302654497327,508.4362649618674
7805956,-26.920216867238285,624.0733408619109
7805957,-25.217160913586618,493.1918086091817
7805965,-27.422070629179476,513.0749251249337
7805966,-12.49041960966587,429.9709445505185
7805991,-14.647445750243962,546.1166065253835
7805996,-14.394308745026589,444.4578012927128
7805999,-34.535410683572294,691.9885613300794
7806001,-11.748614150106906,457.60322364974445
7806003,-30.21630403444171,726.9703002921739
7806004,-33.66247560176253,619.6178261036322
7806016,-7.0866912484019995,472.85556887463
7806020,-15.2615652878806,523.3978174166077
7806022,-33.368670951366425,692.5910961036175
7806026,-13.121997022476048,498.7868826521034
7806029,-30.52048404312134,565.2846343412986
7806032,-29.157170108780264,525.028985698025
7806034,-27.04284273853898,550.3705092878004
7806035,-35.2920458406508,743.108803537303
7806037,-31.697723571419715,500.33691466987
7806048,-18.748601051434875,425.1835874175985
7806049,-44.26575959765911,645.2191012981256
7806050,-15.99618157556653,451.82568476013336
7806052,-7.486730525374413,428.42227974150444
7806054,-30.688792971774937,543.1861243525874
7806056,-24.6102145729661,499.27744701567326
7806057,-23.14443849697709,416.7956113676469
7806059,-29.369599445670843,737.3790136361201
7806060,-27.7918791115582,697.8718352813271
7806062,-17.812576652735473,563.5855715809354
7806065,-37.540330086845906,770.5783596355014
7806081,-24.542202154027297,486.6249735217086
7806083,-36.86097386312485,775.6332739675208
7806086,-26.717242670059203,489.96197044472905
7806087,-32.17599190878868,615.2363191397812
7806089,-32.642959267795085,688.9566441620774
7806091,-22.626289699196814,480.8327194144235
7806098,-8.033800913013518,441.3261035358792
7806099,-26.70319910621643,678.6241051641009
7806100,0.3210124115049839,299.0911071165988
7806101,-11.438745595723391,372.6310037311227
7806103,-20.570037083316596,494.3442443005407
7806105,-11.020894752040505,336.76824319278893
7806107,-9.990835599333048,447.77003108153974
7806116,-21.577503688283265,503.34630001158934
7806117,-25.52907778416574,594.957844619687
7806119,-22.328055487647653,505.17519544227207
7806120,-25.41333495502174,532.5567865765274
7806122,-41.47552466976643,655.0186102739585
7806124,-34.87620465873927,777.7617030321852
7806125,-16.236921027243138,487.6580406835506
7806126,-26.473867545366286,445.04582999719366
7806127,-21.05690685492754,463.2785297253866
7806128,-26.38660572630167,508.0031041671797
7806130,-27.57405855719745,494.62986218666634
7806131,-14.955409819215536,723.9440072238629
7806149,-5.922669565781951,326.1526332431782
7806150,-28.15463316103816,849.1105866697525
7806151,-18.153863239109516,559.7601610146635
7806153,5.609945068597794,259.1113980182313
7806171,-13.79304818444699,309.2806653775094
7806172,-21.50135326028988,545.7652383287876
7806173,-24.518978140443565,674.0422524772272
7806174,-12.054252545394004,474.32677949500504
7806176,-28.805415249347686,548.0245236268336
7806178,-36.49989136958122,875.360097690054
7806181,-17.952437853440642,624.111004635345
7806182,-19.002714353628456,371.20622298275504
7806186,2.5964100036621094,210.1365499277411
7806190,-27.044061009019615,645.1568308448727
7806192,-23.457722361043096,682.0102124219882
7806195,-21.49302088534832,518.199971486655
7806196,-30.343127281844616,593.6654176344754
7806197,-1.7864767613708974,279.1277992741755
7806198,-27.28765496645868,563.256395241448
7806204,-28.3384572583586,542.4604371505825
7806206,-13.540746860258281,604.7685694887278
7806213,-8.711187205851077,400.0213867634896
7806215,-40.64840263599157,632.8718408449341
7806216,-27.367569962501527,691.0601126097238
7806218,-21.981365810155868,390.7110423283727
7806221,-31.98736678266525,648.72565302324
7806227,-24.657103477954866,560.3554427889043
7806228,-26.055174756973983,591.8154300449494
7806230,-23.76940041280538,506.16847260668186
7806232,-18.58201513540745,465.1219876674428
7806234,-34.07166564464569,504.892012898664
7806235,-16.263153542637824,538.7025205173243
7806250,5.32057437709719,288.6660097081523
7806251,-20.637747138381005,415.71747958604124
7806255,-33.411195699334144,647.4275080714986
7806256,-25.56754839774966,442.055892420725
7806257,-30.743931721180676,565.299888116089
7806262,-27.80576985552907,523.9217973955904
7806263,-14.419688503682613,516.3580416741194
7806265,-37.084388684034344,739.5794559367673
7806268,-24.562042298167945,502.7425823299175
7806270,-12.16593266196549,567.2599891608942
7806277,-29.656002105902882,613.1903371727935
7806281,-31.686581974476574,698.5709359410483
7806286,-30.81990398925543,770.9500116605777
7806288,-25.660993758618833,550.9384805313437
7806291,-24.991360280111433,577.9446888016284
7806292,-14.257073187813162,571.1900923665353
7806293,-28.116927712500097,578.7009424047933
7806298,-18.92836556559801,423.7271461269275
7806307,-33.095827022463084,743.440206099324
7806309,-21.418409560382365,497.47946882966596
7806311,-10.796697981372475,375.83479558096565
7806314,-19.760719104468823,783.0958638147124
7806315,-40.913343203902244,747.5748655449518
7806316,-27.180483793497086,640.9731632959639
7806320,-40.212461683422326,995.244438352265
7806345,-31.476068093582988,770.3282805182657
7806348,-35.944463000297546,653.7644266610536
7806351,-8.943962600648403,473.60074073844805
7806355,-21.06578792566061,720.029394289738
7806383,7.010244945645332,313.4236671389098
7806386,-34.14281344807148,615.3638082036736
7806390,-34.888111653089524,652.005051352267
7806391,-33.24144266705215,805.8198193973159
7806392,-21.94311629551649,576.1316655287578
7806396,-44.07486451143026,893.951976819166
7806400,-37.155724711038175,856.3959794931542
7806403,-34.835101251244545,830.5985490026511
7806433,-37.04741506195068,808.0259321146656
7806439,-26.087410071730613,671.7135288724418
7806448,-21.29505990706384,613.8820764337894
7806459,-26.440241767585277,563.0451873005449
7806463,-32.778178722947835,734.2392930256137
7806465,-31.40044038000703,689.1433659555624
7806470,-13.151330105960369,293.7347280626728
7806471,-23.82831957101822,729.7840384828927
7806472,-37.966607818603514,696.5447952606413
7806474,-20.672594415441157,485.3954342124963
7806476,-24.081104620158673,539.3732657164313
7806481,-21.35376381379366,694.9543795219822
7806482,-27.344067479275168,639.1924268998151
7806512,-30.931671207129956,679.7439791167861
7806515,-23.12937067002058,524.8855903690562
7806519,-36.06540166893601,943.2923305379869
7806521,-31.889421682476996,715.6668694176994
7806526,-20.378147962272166,571.6897337269041
7806528,-26.147780129231514,529.7958408468356
7806529,-32.86505542345345,690.9928236678595
7806533,-14.563471775833984,599.268544353629
7806542,-28.658472634404898,578.8128036835792
7806560,-26.50967217245698,554.0421598648047
7806564,-25.826875403046607,577.3741182846616
7806571,-30.998795313835146,489.6579069065439
7806577,-16.365212944030763,589.8338259786156
7806579,-24.81101910409331,539.4687313656638
7806591,-34.440900303453205,710.5618595880974
7806596,-18.35163523888588,402.77072827099903
7806600,-6.76279547816515,547.4422791541795
7806601,-23.142045705258845,462.9977949601907
7806605,-26.04223024713993,498.0882605414263
7806608,-24.694259240195155,527.4807933115269
7806610,-21.861272244274616,479.4611548924952
7806612,-6.365661998942494,345.49690153181825
7806614,-20.618164882034062,654.998388404532
7806615,-31.053559773981572,498.65857443605836
7806622,-29.175060403883457,655.3217815610853
7806624,-25.891445392102003,477.62364443640735
7806625,-27.071457486987114,428.7778263339176
7806632,-33.898433152854444,555.6441267064488
7806642,-20.36416361808777,327.5855166739026
7806644,-23.71832070541382,430.48091861555605
7806646,-15.924025034546853,414.289914264838
7806647,-20.16449753600359,471.9404903711869
7806650,-44.38991701674461,777.4055683437864
7806656,-14.95636102426052,576.3478060907172
7806660,-9.831973572321235,537.2526717744512
7806665,-30.405447987794876,598.6775825251268
7806668,-39.33558396309614,651.172996800019
7806670,-39.23944873473048,810.4292981593001
7806675,-17.225067375093698,487.19263374783037
7806701,-9.129804551661014,257.55168708631425
7806703,-18.165403174638747,434.5376761423425
7806731,-17.434377366453408,482.46752670022624
7806738,-22.13902018713951,667.8591018887971
7806744,-9.707121122688054,473.1917886540605
7806745,-27.54673000061512,594.2337177619396
7806751,-5.42908934225142,508.74086838302304
7806760,-39.45687632250786,787.3753513685459
7806761,-20.915669880867004,498.76949242018014
7806762,-27.00732744140923,668.1134788944069
7806764,-19.22414999270439,376.6118913399935
7806770,-20.68168326306343,530.587851722047
7806774,-7.855954349845648,476.46335609512056
7806779,-24.322087473541497,482.6456916555343
7806814,-21.281026006996633,592.5770141202655
7806815,-18.447912084028125,517.3515706220768
7806817,-29.00986847472191,641.1413854643763
7806825,-19.196605235219003,418.503647071575
7806836,-18.814506429195404,681.7476066532855
7806839,-17.41811262330413,735.6777811009287
7806893,-27.972779520988464,667.8726992184334
7806900,-31.660046306908132,613.4199062899397
7806901,-26.724232403054835,917.9166843785574
7806915,-4.149196819841862,443.5223747437953
7807049,-18.470419146299363,398.1332483667128
7807058,-11.04045813781023,493.55829588649055
7807124,-28.894817430555822,714.3975999929507
7807126,-19.64070369464159,524.1710271787655
7807147,-15.646247411116958,623.9333765435194
7807308,-19.179101723507046,555.9017955572207
7807352,-2.2256551444679498,383.5383198714104
7807609,-18.621693717472255,586.4562665229815
7807654,-4.495069098949433,336.30795433700837
7807985,-23.18534531722963,513.0141655423084
7807987,-14.354578270107508,401.5611556961202
7807991,-7.936346343949437,336.0517406198051
7807993,-18.741268610656263,446.95536166789384
7808000,-10.98854263600707,452.7115231245671
7808009,-30.358125463068486,598.6039016984898
7808011,-31.515197811305523,531.4117602131669
7808013,-28.40893117237091,595.5233049770528
7808014,-27.793442990556358,798.525306400201
7808015,-33.08304574626684,693.3701964018163
7808018,-29.210546481728553,498.08713233850244
7808022,-33.20291999846697,861.2078485977951
7808023,-37.6778972941041,782.5815648348886
7808024,-40.285860887348655,764.4831661716368
7808026,-23.992368517279626,627.4462098459067
7808027,-18.145723710000514,566.2449283337413
7808034,-25.136826926112175,582.4412527077247
7808037,-28.775166244506835,725.3217531183412
7808038,-22.823310249388218,450.41744714927603
7808057,-26.268550619244575,614.5966609964203
7808061,-16.42800518167019,654.0459503342876
7808062,-16.328821382820607,493.3723276235864
7808069,-19.280819718271495,660.1255905026144
7808071,-27.12461627471447,781.2342297319393
7808073,-25.584653477311136,560.0190947185587
7808074,-24.481800360918044,551.1124545560333
7808075,-16.90628388029337,373.7730501981287
7808079,-25.418707411766054,534.7951405447398
7808080,-36.290808982610706,609.9536784470265
7808081,-14.23311972808838,385.8302038233482
7808083,-26.23721608054638,558.2982000173309
7808084,-24.341939658761024,503.86985510205466
7808085,-25.73963779914379,564.5664357877656
7808086,-19.559115183353423,531.0008292890412
7808087,-25.966245983481407,671.542622855832
7808088,-25.084071963965894,578.1912004928856
7808105,-20.598608579322697,549.4366858334205
7808106,-24.33468159353733,475.0863913257738
7808107,-29.428555246591568,483.4134371987274
7808111,-26.055426438808443,518.040833952555
7808112,-21.511841207385064,476.3321571485769
7808121,-28.784871286273003,545.4027774557642
7808122,-38.36200316807628,616.0974588762737
7808123,-33.86235632705689,649.5912263962052
7808124,-27.874671816527844,466.3499658936255
7808126,-26.025118364930155,487.866870733002
7808129,-29.18106842917204,531.0148565443636
7808130,-33.62406363546848,691.8674013477612
7808131,-35.06841435712576,621.1069154472804
7808133,-37.17909740629792,611.6847020946933
7808135,-27.28838935095072,454.5777477034228
7808136,-31.455617863178254,557.1825549244031
7808154,-26.502882416576146,723.0708709811362
7808155,-24.43984363114834,577.6757935574994
7808160,-27.061712675184012,555.2926428161236
7808162,-17.491930873841046,459.36541403861924
7808169,-28.19310783404112,581.5046653182
7808170,-26.23795258294046,552.8361094267871
7808172,-28.29092183291912,703.8837962621533
7808173,-36.03287670460343,659.7700335969173
7808175,-30.32339818149805,542.9184829055783
7808176,-27.163197190344334,585.3344218467693
7808178,-33.132355533689264,811.5359682628138
7808179,-35.05023069638014,608.7675542828176
7808180,-29.612860224038364,579.8696417260892
7808181,-30.542069977998732,559.7105582682098
7808184,-24.247864548176526,577.802152551132
7808207,-33.18042758989334,572.2016273350621
7808214,-20.51018584728241,429.7157604099332
7808215,-29.869672422647476,477.31076040542683
7808216,-38.42625232410431,604.8092254898684
7808217,-15.037646066009998,490.6766612580391
7808218,-15.902712755680085,568.8838216202851
7808219,-19.59795768326521,424.1906355900903
7808223,-19.79457856324315,438.65549770573205
7808224,-15.265501422047615,424.39647946753814
7808225,-26.09044945973158,584.5176720952845
7808226,-29.741075985074044,661.630222821074
7808227,-22.445359565913677,623.597025675747
7808228,-19.480696704387665,520.1084300003191
7808229,-21.58056808179617,500.6604750796236
7808230,-17.959645244121553,447.84589914178946
7808231,-19.85978990495205,530.8381482261505
7808249,-28.446970690608026,563.6391692331172
7808250,-29.345854091882707,500.0726511432191
7808251,-24.711794540286064,463.7385334114614
7808252,-29.748328842282294,499.14444867251297
7808255,-31.789634261488914,539.3171302884077
7808256,-34.39421936416626,621.3348214851907
7808259,-25.9227713432312,414.6842519803601
7808260,-20.773253553271292,280.95694592852755
7808263,-23.002285853505136,431.4283979381488
7808264,-36.58431374394894,524.1267921712226
7808265,-17.78936691018939,543.4849330993791
7808267,-2.6762620777338744,350.5549902319624
7808268,-21.64035768133402,538.1852570741153
7808270,-6.3130212565511465,400.48143026586604
7808271,-17.424122693173587,599.4613786860435
7808272,-7.444212120063603,439.512671905047
7808273,-21.731388552385383,656.4506748657956
7808276,-9.707156243175268,488.27444258378796
7808277,-13.936790173999965,563.1268952915162
7808305,-7.1280390836000445,416.8470638295745
7808308,-10.07033904865384,454.49259447544677
7808309,-14.442416143715382,595.3824112205659
7808317,-12.9581039262712,638.089631884005
7808319,-2.7065363727509975,406.7530688393902
7808322,-0.44001469510793684,380.66060057313274
7808345,-33.64567659652233,574.0221140781598
7808347,-39.57650123767555,606.9482600670424
7808348,-35.41050665044784,581.5502860859507
7808349,-32.344283765167,622.6974683098758
7808350,-35.547126828074454,636.936868830184
7808351,-41.843764180123806,806.0916525965883
7808353,-43.92147610217333,749.1486151942698
7808356,-27.14167229527235,457.57250409827736
7808357,-36.09871838438511,587.369920728076
7808358,-28.704344933986665,593.91066140955
7808359,-31.8463136857152,576.6771826195936
7808361,-22.48005661803484,588.4530803801609
7808362,-23.258498245328664,664.7134757793497
7808365,-15.886895351409912,479.5214633991884
7808366,-18.230149897873403,574.4110883156305
7808367,-25.583312070138753,604.9237840716704
7808369,-22.512148813545704,602.757976761612
7808371,-27.777562442749737,449.51714908816353
7808372,-18.51683547395468,499.4910155119291
7808373,-20.515328426271676,676.4188530114897
7808376,-22.683660195946693,645.550679022804
7808394,-22.35786371445656,642.4401059631517
7808396,-29.620565082907678,725.6709412251804
7808397,-27.127662043385207,644.3826502729754
7808399,-20.831738232582808,550.881514611994
7808404,-18.089429638266562,499.94420930746946
7808409,-7.040797656826675,498.802645540337
7808411,-6.4251282305531205,457.3276382484194
7808412,-18.558686835255475,622.3292275504133
7808414,-4.025816562650725,337.3661065387774
7808415,-7.914227743014694,428.9201757236918
7808420,-18.643650395430626,691.3841311834827
7808423,-15.27653394319117,627.9507603371436
7808441,-24.505948745533825,549.5712848703705
7808442,-24.4005401622653,591.0380643465415
7808454,-30.183019213706256,516.5915972888356
7808455,-46.07678648173809,773.8126221303213
7808457,-26.08677862790227,591.463164468299
7808459,-17.724536993384362,622.5515141973115
7808469,-19.293789857804775,581.3179937846002
7808472,-13.397554959356786,544.9565188034552
7808489,-36.2095928247571,850.5485459610665
7808490,-29.724259862661363,554.3098202778017
7808491,-36.72966218960285,862.5077229329719
7808492,-30.212134046435356,545.2928110842105
7808493,-26.754452064275743,674.0371030227416
7808495,-36.03984961628914,725.7120194704164
7808496,-26.767416496038436,481.3136312427906
7808497,-21.01795090353489,446.62794079904506
7808498,-21.54075925052166,504.06846608570413
7808499,-21.928921228587626,500.6195323389097
7808500,-23.39047064602375,455.1741555417928
7808502,-12.924390553832055,387.5820810771446
7808503,-23.040452650904655,508.1755658287132
7808504,-22.46157884544134,432.35709074212855
7808508,-28.63863442414999,543.3716830037501
7808509,-37.89389513880015,833.8101918934904
7808513,-33.964662697911265,651.4519789704726
7808514,-23.601506921291353,409.3121926411134
7808515,-11.191742923140525,312.8530234004352
7808517,-27.1767935937047,510.1091222200757
7808518,-33.05372953528166,642.3724828294896
7808519,-36.11091754537821,746.2223164622209
7808520,-43.47687745630741,823.7840110976439
7808521,-20.09761952060461,517.6980733469982
7808529,-25.147945213079453,521.2395346679018
7808530,-25.47085230909288,754.9592695736535
7808537,-29.394673949956893,752.3648109321373
7808538,-25.236722769737245,651.3198070781456
7808539,-25.60655740147829,640.8891701822857
7808540,-28.85179491573572,736.9231913546952
7808541,-29.525496201515196,709.614904382484
7808542,-27.29250365048647,598.0237057419608
7808543,-32.15174466502666,817.4201872450589
7808544,-30.310659622311594,800.4569529872014
7808546,-21.390606495380403,552.803010808464
7808547,-28.33661618477106,747.2420996492021
7808548,-28.811915927290915,606.991280527564
7808550,-20.994139278531076,546.9820558996845
7808552,-17.730343951579183,531.9218317898441
7808553,-32.25643778306246,570.8969990709119
7808554,-22.66453532409668,464.52300853550423
7808555,-26.17184397622943,497.0584838360434
7808557,-28.505547508120536,588.5020277909148
7808558,-31.95310013604164,530.1379006432218
7808560,-26.694197689652444,454.1846992097389
7808561,-27.842293088436126,623.3688288099843
7808562,-31.70924725985527,519.3216672864286
7808564,-25.65593821310997,565.7349402277778
7808565,-30.88102630376816,761.234352885828
7808568,-23.077777121186255,453.10729413652706
7808587,-33.81603410996497,706.5736769127358
7808588,-18.654822538912295,503.7179575727773
7808591,-35.534570552945134,719.4208231678267
7808592,-17.903969044685365,350.61364484402816
7808596,-32.87633858984709,742.1240542935118
7808604,-2.3196048099994657,406.183822444223
7808605,-21.90486309617758,668.7156398057695
7808606,-17.446133344233036,579.7699293644732
7808608,-10.133305165708064,475.6830801898009
7808609,-13.232001303017139,560.5905550147315
7808610,-6.181312991857529,439.4582798735273
7808611,-19.779409490287303,634.5795764889725
7808612,-16.015818716466427,482.2952164446964
7808613,-18.688937680095435,580.6390595516688
7808614,-19.84033595907688,731.6151506931491
7808616,-14.566146209537983,622.298593392489
7808633,-11.70706137046218,547.0337042091573
7808638,-6.343534872859716,416.33673577070886
7808649,-35.15133019280434,606.4493488093007
7808650,-18.612839518278836,456.93249336921997
7808651,-38.00905817592144,686.7869827862565
7808653,-25.355918700516224,576.838276488924
7808654,-23.317227375626565,532.1811190447612
7808656,-27.861297983020545,539.0964026743909
7808657,-33.456428747773174,625.5587424064154
7808658,-34.92485285508633,543.8055485687728
7808659,-37.5510129724741,769.7455991139933
7808660,-39.68142751502991,720.2585798879256
7808661,-36.62214648461342,640.6593733779712
7808662,-34.10309080326557,640.582541601044
7808664,-33.857175203293565,716.7714902310972
7808665,-27.967010253310203,720.0156933980941
7808666,-6.415025594174862,322.60818591587554
7808667,-25.029929051816463,546.0358169156368
7808668,-25.720470882087945,655.7024357979046
7808669,-29.85767088037729,684.4273961340731
7808670,-25.794935304373503,577.343021533492
7808671,-24.409008064478634,567.7023502749433
7808672,-11.318042255669832,381.3486377714635
7808673,-26.894845460057258,577.421690030514
7808674,-25.67896429526806,504.30596983660195
7808677,-22.287669001102447,586.84451780987
7808678,-17.88344131410122,451.8060132886183
7808679,-25.80960856550932,556.0382369459571
7808680,-25.235123932987452,621.5049997702567
7808681,-29.637466967761515,611.2352310351488
7808685,-28.717530772745608,662.8153820468136
7808689,-25.58553695833683,604.9581055489325
7808690,-20.972673640489578,456.45026283319135
7808691,-29.9181605784297,624.902640094243
7808698,-16.07074408328533,622.1330756109163
7808699,-15.124713593363762,463.28707810058387
7808700,-11.864679954409599,411.31955835991414
7808701,-20.977225027143955,605.1688399304207
7808702,-17.344483785763384,524.7853816204554
7808703,-12.6677827244699,511.42704539693216
7808705,-15.379550700694322,520.6373491064057
7808706,-17.21829370007664,534.2570666115384
7808707,-13.397997252881527,646.431441798815
7808708,-22.313977897286414,485.63892049942746
7808710,-9.819814553663134,432.01813864316813
7808711,-15.924320636540651,449.66614697625783
7808712,-23.111537884116174,686.8300830637379
7808713,-32.739318896889685,499.69326478226304
7808714,-30.549329493820668,512.1825784026322
7808717,-32.86038595408201,611.7416635282125
7808721,-29.135031261563302,591.2613246358762
7808722,-41.671896145164965,864.4644021564101
7808729,-10.468957910716533,452.01490986291464
7808730,-23.708600493609904,734.4421094984267
7808732,-21.381445030897854,669.7713232831563
7808733,-22.329683202028274,640.9949267806891
7808737,-15.190949055179953,449.779076315806
7808745,-11.228357948571444,483.8404761368353
7808748,-11.193980534180998,424.5219056003693
7808749,-6.56273350456357,332.46610695817174
7808751,-17.200812875129284,621.1886233251452
7808752,-16.168369153894485,497.39350579467293
7808753,-20.99195129832253,646.3573658040084
7808756,-22.556478922382,706.613183598758
7808757,-19.611898282874375,648.6540069724573
7808759,-23.891525178790094,660.9259518516457
