ID,EBV,PEV
7802773,-0.04007489582011476,0.025072376062052034
7802774,-0.15666494966694153,0.025968595089459836
7802775,-0.07432898824708536,0.02634269538919606
7802777,-0.15072494602343067,0.028450912317874374
7802780,-0.19795606612507255,0.028145158049537673
7802781,-0.035498177421744916,0.027447735230632066
7802783,0.0068647357979789375,0.030394852356575616
7802784,-0.12899455239018426,0.02171486217728587
7802785,-0.19608874028245918,0.025817124434855118
7802790,-0.18657490091130602,0.03040170763438557
7802791,0.04753556559584104,0.028184748428607184
7802793,-0.07640125446021556,0.023464734282967085
7802796,-0.16392053384264,0.027834968193850583
7802803,0.09673499378329142,0.02616392922570119
7802804,-0.05280790610797703,0.025750264795659974
7802810,-0.05117851438943762,0.026104982911064393
7802814,-0.10511873873090372,0.028169626433187416
7802815,-0.1681570247830823,0.022885479798429205
7802816,-0.13342292123194785,0.023317281929293207
7802818,-0.09805620786780492,0.02588790265647804
7802823,-0.12962705054070103,0.024767608316677677
7802832,-0.15994537659548222,0.027111596747102704
7802833,-0.14996024977602065,0.027062509188284282
7802834,-0.039102992326486855,0.02649433442703277
7802835,-0.10169569506449624,0.02667264582715236
7802842,-0.14791786598949694,0.028622282371709547
7802844,-0.0033459028380457313,0.023883987898330055
7802850,-0.15748109250795095,0.026377254519335435
7802853,-0.06569175651087425,0.02669637419059335
7802854,-0.18243878797162325,0.02764272460159634
7802856,-0.1199179502055049,0.02912040570772729
7802860,-0.06826356537081302,0.02754536701445362
7802861,-0.12397658012504689,0.024679411140959086
7802862,-0.0670240879135672,0.03131948425104106
7802869,-0.00959180005802773,0.03149393429313282
7802872,0.09267460628598928,0.032793107179677435
7802873,-0.17417545316461475,0.028173428854268028
7802875,0.1402938913726248,0.024308623028030343
7802878,0.06097507447312819,0.025976973642502434
7802879,-0.1337182179082738,0.029180363726610238
7802883,-0.14644303097529338,0.028839987833343354
7802886,-0.004109427743591368,0.024916469516568875
7802891,-0.1510935775465332,0.02406773101986453
7802892,-0.020802816714392974,0.025016919008449184
7802898,-0.18066437050211243,0.03086344167042614
7802899,-0.18452716738637537,0.029627031231414313
7802901,-0.17751922034751624,0.025834306012715053
7802906,-0.10115065591526218,0.029700577423810954
7802908,-0.026905265728593804,0.025388159235475237
7802909,-0.03072360513266176,0.025568815511459255
7802910,-0.03197244177106768,0.034315790085561466
7802911,-0.10898693158617243,0.028231233796354477
7802913,-0.08251307242782786,0.02905883193677769
7802915,-0.066814142618794,0.02396334467539296
7802917,-0.1266629115808755,0.028025757465137555
7802918,0.01205391030292958,0.02985959359112076
7802919,0.049529555313521996,0.028155114605084557
7802920,-0.13941822686186062,0.029321365657852375
7802927,-0.13730842616251904,0.02775444810318359
7802929,-0.21184838099923217,0.031379829807470234
7802930,0.0219092514726799,0.031227679538740692
7802931,-0.21980344654992223,0.03167590718038042
7802932,-0.037770361688686534,0.02704475945028015
7802934,-0.12707158526405693,0.026408825172921254
7802936,-0.0671679266327992,0.02614168324125704
7802937,-0.06430935296043754,0.020072459564047254
7802938,-0.060898769644089044,0.025223618303432074
7802942,-0.07191513098380528,0.024290685192844497
7802943,-0.06311937028565444,0.02706515572196427
7802944,-0.09143492605723441,0.025743574398183724
7802947,-0.06473674928746186,0.024833694020844375
7802950,-0.11207658597640693,0.03237154861797303
7802956,-0.005612072613555938,0.026110527717545486
7802962,0.07794520364061464,0.026745515673661777
7802971,-0.21757172229001298,0.030306267359352757
7802973,-0.15376072852197104,0.02655115809347869
7802974,-0.14911439851205796,0.026786599294113988
7802975,-0.1374808833822608,0.02759313107576499
7802979,-0.22642572290077806,0.024813329341268158
7802981,-0.12325274460297078,0.02762325637535795
7802982,-0.09279678284190596,0.029274045526738308
7802983,-0.13882191141578368,0.02663622344778907
7802985,-0.140742576663848,0.02379643280890574
7802989,-0.1707974672028795,0.03424234320126983
7802990,-0.013637649373849854,0.02444324931754474
7802992,-0.09764844933105633,0.028802476410476507
7802995,-0.07022867637407035,0.02363875331120727
7802998,-0.14066801677457988,0.028217439750269014
7802999,-0.008451995184645057,0.030657381547579576
7803001,-0.2068895337819122,0.02738214891335087
7803002,-0.03783375958679244,0.026928178261396096
7803010,-0.22451447074208408,0.02585476946293574
7803011,-0.019275788361890592,0.022845717475805834
7803013,-0.05032246940373443,0.025440436536453087
7803014,-0.1494795099515468,0.028439973926061426
7803018,-0.13910614243149758,0.024845217504727433
7803019,-0.14395905760521419,0.028003767919418474
7803022,0.020960330585483463,0.024776089175997915
7803023,-0.09775851073325612,0.029509618571631244
7803029,-0.22934849881893024,0.029908628324432328
7803030,-0.19351999917440116,0.027252291764157298
7803032,0.11427842440921814,0.024975008596243995
7803039,-0.08251434502657502,0.02951940595945779
7803040,-0.12959276730241254,0.025815442113024327
7803046,-0.04957248648814857,0.026978859888116224
7803047,-0.09134037021000405,0.02485953077128717
7803049,-0.04829002235597,0.027086264313738746
7803052,-0.08608897018595599,0.029482238369917486
7803053,-0.1277297778862994,0.02611264045632717
7803054,-0.04135672219941625,0.026702250151817184
7803059,-0.13857363681541757,0.03253831178242664
7803064,-0.1956099287495017,0.02792241795239851
7803065,-0.12043775744480081,0.027665167824252917
7803066,-0.10715037917438895,0.02879554536610634
7803068,-0.024731943930266426,0.026664792187667197
7803069,0.0202681961444905,0.021154979275531404
7803074,-0.17998547590244562,0.03028229455718702
7803075,-0.13565027396706864,0.026500284248978725
7803076,-0.16893543317005968,0.026453518321856998
7803078,-0.060383583161747086,0.028260590277828748
7803081,-0.19439581155963243,0.028855175863550308
7803082,-0.06170458748750389,0.027420153935244388
7803083,-0.15806273625744507,0.028779501141387578
7803084,-0.1664100544769317,0.026401552399806873
7803085,-0.1251858015001053,0.03041288445009583
7803086,-0.15768973462237046,0.027241014081296547
7803087,-0.08192645713040839,0.027295879078851955
7803089,-0.12449624964292161,0.024092276007521556
7803090,-0.09607885308749974,0.025986757982737772
7803091,-0.04390515809156932,0.028954287390433982
7803094,-0.19995263673039154,0.025122391660278028
7803095,0.02064765833830461,0.030164608668368936
7803096,-0.14281794807035475,0.026165567947316917
7803097,-0.04331986397138098,0.02251967329829964
7803098,-0.08189117981144227,0.027532729968663964
7803104,-0.1562814007268753,0.024495803824521847
7803106,-0.03538426500419155,0.028619932988055402
7803107,0.02029384974646382,0.024662049744737454
7803108,-0.20047265433520078,0.027690158577110772
7803110,-0.09341535944945645,0.02826217710609258
7803111,0.04173060841625556,0.03003978246900584
7803112,-0.12684018344571815,0.029462220192779092
7803113,0.05048828221601434,0.02384246980247395
7803114,-0.0726903911260888,0.02848592248423043
7803115,-0.13803506319061853,0.028266635985151632
7803116,-0.04413414575299248,0.023824928346046107
7803120,-0.03858949621487409,0.0285241145894155
7803123,0.05393049778230488,0.02527231069206841
7803124,-0.14999210518022302,0.026787617745259795
7803125,0.0704635492390953,0.0279558827010979
7803126,-0.2179245944893919,0.02560892301092773
7803129,-0.09222113888058811,0.02563227333790899
7803132,0.1495575377023779,0.0327008549931189
7803133,-0.1494073251259979,0.025529093616046643
7803136,-0.10080139208305627,0.028786417970187987
7803137,-0.19263423034758306,0.026929039427618203
7803139,-0.14324642208451405,0.02722935635219852
7803145,-0.03833095893356949,0.02677758143477371
7803147,0.032352759691886605,0.026215322337764378
7803151,-0.14184423374338076,0.0283807266286532
7803153,-0.007810772619675845,0.031619454501279384
7803155,-0.0972951264907606,0.029467200133393177
7803158,-0.016257697820663452,0.020929801236663378
7803159,-0.1972058727191761,0.026260132918266947
7803160,-0.15211282894667238,0.026084716360778144
7803163,-0.12574967238726095,0.02809325183644049
7803164,-0.05092410960362759,0.027782092027893408
7803168,-0.15348154951026663,0.029296961876496014
7803169,-0.15464702419377863,0.02759632169256423
7803172,-0.1331964180234354,0.025926522331368818
7803173,-0.07166459791827946,0.019412569234670086
7803174,-0.19628616540250368,0.026996037279707157
7803175,-0.09618191001901868,0.026491298203894755
7803176,-0.13843873847555369,0.024306695298270467
7803179,-0.050599142101127655,0.027811223424826698
7803180,-0.1886257223971188,0.025341921433749495
7803181,0.13493939839478117,0.026560875935949593
7803182,-0.09834966666973197,0.02496693246643707
7803184,0.04528889094199985,0.02405281732416318
7803185,-0.09421438848366961,0.026062398220848756
7803187,-0.17958527661347762,0.025958468712518737
7803188,-0.03294805918028578,0.025159236515448626
7803194,-0.14663256892235949,0.024052612241005824
7803198,0.0011552221216261387,0.02874613433564568
7803199,0.09782794482866303,0.02572258759606719
7803200,-0.13201956541091203,0.022694004191889376
7803201,-0.08952508428413421,0.029742471454930437
7803202,-0.08181240044569131,0.022823595757105578
7803203,-0.14708305932721122,0.02350680999772748
7803204,-0.031100366729777305,0.028684348018495134
7803207,-0.17538730018399656,0.02820480584546644
7803212,-0.1847872102917172,0.024869161647158116
7803214,-0.17846167885977776,0.031438879171058955
7803217,-0.017885223953053354,0.02522705496185447
7803219,-0.1642088702719193,0.03055143117941786
7803220,-0.12767935369536282,0.026756662322049592
7803221,-0.1413318893185351,0.026631097216228396
7803222,-0.08557288225227967,0.026569320327699784
7803223,0.12680444932170212,0.02571774344967814
7803224,0.034775731488130984,0.023424742860697165
7803225,-0.163005353955552,0.024549441997392858
7803226,-0.08124901525164023,0.02600527980221583
7803227,-0.13289854908036067,0.029064733927848817
7803228,-0.1768563202256337,0.027361191354643877
7803230,-0.023604062309954314,0.026787480645147774
7803232,-0.16507088675070555,0.027979649403207425
7803233,-0.0022964272068347782,0.026406307406763415
7803234,-0.061868382869753984,0.03277231990597247
7803235,-0.04492153676180169,0.026437412938643736
7803237,-0.0029013863429427147,0.02769159312669451
7803238,-0.012375929828267544,0.023090933817837916
7803239,-0.1396422792095691,0.025808815571645362
7803242,-0.17091964445996563,0.02768664572789329
7803244,-0.10756874909251929,0.026555025935199403
7803252,-0.19031199958082287,0.026238871446891167
7803253,-0.027817030665813945,0.026427591876914083
7803254,-0.16322516097174958,0.02636478814172626
7803258,-0.12095676518324762,0.022893178080546403
7803259,-0.10899535389745142,0.0257830676808234
7803260,-0.026395072192943188,0.026887495752243706
7803262,0.09596768292156048,0.037253943259146785
7803264,-0.17930375998280942,0.02543844821086298
7803268,-0.17473857851698996,0.026665948707121103
7803270,-0.11300652532139793,0.025987209984901248
7803274,-0.04039603765448555,0.02790849459715936
7803279,0.028737736001145094,0.025978461057269756
7803281,0.08256745274248532,0.027108509230322087
7803283,-0.11055796978296711,0.028489309695439693
7803284,-0.13804998661531134,0.025520858582638473
7803285,-0.1468609335718211,0.027624096312319615
7803288,-0.09274112514662557,0.027544181753959444
7803290,0.14015915279625915,0.02546269914070625
7803292,0.10007308043632657,0.028959784967846628
7803293,-0.11073589379340411,0.028418060903739502
7803294,-0.016801268454641104,0.028730673682851537
7803299,-0.20440823460649699,0.027813888725875226
7803301,-0.13717340464890004,0.027254726956768633
7803302,-0.053580208908533676,0.024375787903443597
7803303,-0.1525313638560474,0.0262941439633715
7803305,-0.13565563332289457,0.021309962583198328
7803306,-0.2096458045123145,0.02391630311467075
7803310,-0.14752536673052236,0.02723598969690623
7803312,-0.12529119489900767,0.03051733783492319
7803313,-0.14282694130856544,0.026980543743154346
7803315,-0.17736413960158826,0.02798039007167837
7803317,-0.015977502334862947,0.02373082630271786
7803318,-0.004125786005170084,0.022959469596365197
7803319,-0.11920292410440743,0.022758324644479102
7803331,0.13169909508898855,0.027519389071861203
7803333,-0.1307064608284272,0.026721136755846166
7803334,-0.1461909327816684,0.026099215951710285
7803338,-0.1268774854936637,0.02995019941028849
7803339,-0.028796648997056765,0.025194338701923707
7803340,-0.11941797474655323,0.03360143821308007
7803341,-0.08275225804257207,0.02659512945042952
7803342,-0.1514895749280695,0.03840168584196049
7803343,-0.14429220599262044,0.02752985672233273
7803344,-0.06029185121235787,0.024029113305217762
7803345,-0.09156522858096286,0.02775175498571751
7803346,-0.10241231638542377,0.028433010083341405
7803347,-0.13994097504252567,0.02322819629721017
7803348,-0.1756532528977841,0.028463826659547723
7803354,-0.1676058503333479,0.02737172020202414
7803355,-0.14573548778658732,0.026273337541361057
7803360,0.014858809823635966,0.027763941687487637
7803361,-0.0850743297636509,0.02662588062750882
7803362,-0.05309902187134139,0.026854695088016762
7803363,-0.13568920443346724,0.025045256782645523
7803365,-0.024261289878748357,0.02505943895133869
7803366,-0.03218603123421781,0.02230977170245318
7803368,-0.09878632576810197,0.02827213590614077
7803370,-0.03145930918422528,0.022794943800175535
7803371,-0.060974443057435566,0.026004251511914253
7803373,-0.13871645499300211,0.026399336929897457
7803375,-0.19333871297631414,0.026780553599844874
7803376,-0.21356214993353934,0.027969515160216018
7803379,0.033009098689071835,0.027205092763842673
7803381,-0.13308868891280146,0.029680307748270025
7803383,-0.12223933429387399,0.02813243369029146
7803384,-0.11044836838589982,0.02693333387414827
7803385,-0.03437211186252535,0.029110350086134783
7803392,-0.07272203838266432,0.02574716511255611
7803393,-0.12249583450381761,0.02766465598372553
7803394,-0.22073931945487857,0.02753074589738317
7803395,-0.11675208811368794,0.02507675659345868
7803397,-0.157772999996203,0.03021194927409071
7803398,-0.15126827501773368,0.031594867054240194
7803399,-0.11704456457495689,0.02766436086733523
7803400,-0.18173785780835897,0.0306591271211496
7803401,-0.1139342298512347,0.03194101423651613
7803402,-0.06293815362686292,0.028336375349949785
7803405,-0.07994924999540672,0.02679492536823298
7803406,0.008942947362549603,0.0322424400352519
7803407,0.0019779671309515835,0.02698447106423977
7803408,-0.09963752389419823,0.025582668393456524
7803410,-0.15641121999954338,0.027212341632545222
7803413,-0.15785011020721867,0.030208969732413733
7803414,-0.16328626370150595,0.022487984166160806
7803415,-0.14723679588735103,0.027522422493983588
7803417,-0.17084220872446895,0.024555770516803844
7803419,-0.20375097941653803,0.028155695298860958
7803420,-0.09118892843055074,0.029155981302671732
7803423,-0.049631026538088915,0.027906648257031298
7803426,-0.13034136284672423,0.03332614296513661
7803427,0.035953332257457074,0.026111477163167054
7803428,0.029092628290643914,0.026133097164026876
7803429,-0.16472751545440406,0.02766465598448047
7803432,-0.22490112875774504,0.029948905488549973
7803433,-0.09368105817819014,0.02283453764051222
7803434,-0.08773356347437948,0.029561112858451824
7803435,-0.18836136330012232,0.02709236955093761
7803436,-0.0751903995317407,0.02833991435113533
7803437,-0.1967885259091854,0.02765047298195364
7803438,-0.08136055599246174,0.02772535116025467
7803439,0.24565418373141437,0.03328701648223499
7803459,-0.12680312399473043,0.024010232606614664
7803461,0.1388085478055291,0.025602191600140923
7803463,-0.22382846581563354,0.025959347763643472
7803464,-0.1959961564524565,0.025192719174771838
7803467,-0.14099296885821969,0.02713946091504119
7803471,0.028534009064082055,0.023915410777124037
7803473,-0.044940764820610636,0.026468987843398014
7803475,-0.06089672507718205,0.027272997319495507
7803476,-0.0704794951940421,0.025772298168245958
7803480,-0.0850023715919815,0.02432450355251429
7803481,0.11326428689307068,0.02993137377841667
7803482,-0.08587610568397212,0.026759070803950735
7803483,-0.15043993093864994,0.02893991789526677
7803485,-0.1349746230118908,0.028845731873632825
7803486,0.0028400807837024333,0.02983177001926738
7803488,-0.11267953862668946,0.02588709438593528
7803489,-0.05483875295496546,0.02787458761535579
7803492,0.06663325858814642,0.026403415907232962
7803495,-0.13638199936924503,0.027345078446089948
7803496,-0.012321729248389602,0.02607993688659003
7803497,-0.20492600951064377,0.026805261749990063
7803499,-0.09913873550225981,0.02571488640747798
7803502,-0.15830897388421,0.026524531272383224
7803503,-0.1447080043471069,0.02899305441717992
7803504,-0.10258011936699041,0.02442845997826002
7803505,-0.20204074711957948,0.028156919576884248
7803506,-0.08665499367506709,0.027939957681577747
7803507,-0.042498633021954446,0.024259919630983336
7803508,-0.16096600310783835,0.027724120641842407
7803509,-0.1382117029267829,0.024392173929986233
7803510,-0.15611211007996462,0.024460335644743397
7803511,-0.11164054781582672,0.028951541704132385
7803513,-0.16622181263472885,0.027016100266067183
7803514,-0.14923223259871884,0.028973204956334063
7803516,-0.14312919386243447,0.032493913580683424
7803518,-0.15968132208962924,0.031745202893584956
7803519,-0.08542988313222304,0.023391859004587044
7803520,-0.08111994409095497,0.025449162203001092
7803521,0.0935599857076304,0.023470559995962936
7803522,-0.13114420889964096,0.03008613821771228
7803523,-0.08550631671372684,0.030286402169828846
7803524,-0.15616400550492107,0.036000013388484665
7803526,-0.12901937738526612,0.02865754140788066
7803528,-0.12665245640231296,0.026260213076725162
7803539,-0.14710664001246915,0.025613901146932995
7803540,-0.05861588658438995,0.02996286038325762
7803541,-0.1557784985137696,0.028413403638299403
7803542,0.025663093330804257,0.024603271115259742
7803543,-0.14948325123963876,0.030493823548195347
7803544,-0.07715198347950354,0.029039870849981823
7803545,-0.029403066852828487,0.02739228016345926
7803546,0.07126138277933933,0.02900815323789006
7803547,-0.035458144660573454,0.027726414025169264
7803548,-0.14888657980738207,0.026176873549463867
7803549,-0.13667105941055344,0.02564089266362219
7803550,-0.12860651180677815,0.0301509762341504
7803554,-0.19110467635188252,0.023645260839760318
7803555,-0.2019409114383161,0.027868070547730106
7803556,-0.14750272019021213,0.026947089939202893
7803557,-0.07593879027757794,0.02787804168944482
7803558,-0.14829107692511753,0.025535627874525707
7803559,-0.0777839745809324,0.024016508958246117
7803563,-0.1652037024544552,0.027891257215537472
7803566,0.10514255317195784,0.02564635373053344
7803567,-0.12440625380724668,0.029646415715138336
7803568,-0.04201589757576585,0.025670682118757844
7803569,-0.06966009952654713,0.025820880760039477
7803570,-0.0207680502072908,0.02647421069151895
7803574,-0.11161838779831305,0.02550885959363258
7803575,-0.10281250120839104,0.023245718024711405
7803578,-0.1001907584562432,0.02854678161425433
7803579,0.027456442487891763,0.02944220052425233
7803580,-0.12300249825045466,0.03287317195086328
7803581,-0.10700857391674072,0.028409169484421338
7803582,-0.10455116481846198,0.029122596803176016
7803584,-0.0845533629176207,0.03516005257327176
7803585,-0.08957139486330562,0.027858740900978153
7803586,0.10081318214396015,0.034940225156196034
7803588,-0.05708003679662943,0.02634642327157913
7803595,-0.09213712750934064,0.02752537170556237
7803597,-0.1384330796818249,0.028628753595528293
7803598,-0.0704092366322875,0.024526234442370863
7803599,-0.05228595256130211,0.027236968206949687
7803600,-0.1516545319695142,0.02669330862942754
7803601,-0.06408913203619886,0.02777875085964976
7803602,-0.1212830479356926,0.029274455611330276
7803603,0.10176129626459442,0.025799857288574687
7803604,-0.11454755659657531,0.02829240657867072
7803606,-0.13275951760588214,0.032964574066885396
7803607,-0.05013700142106973,0.026298535323243208
7803608,-0.2087385782506317,0.03101757795631144
7803611,-0.18218205574294552,0.032621653780483234
7803612,0.1815582425845787,0.02707328612104074
7803613,-0.15248766857013107,0.02710921235626022
7803614,0.05961910771997646,0.026832792296551288
7803616,-0.019540609244257212,0.027881857724362327
7803617,-0.07082238921616227,0.02605103311483542
7803618,-0.10760952613712288,0.030959435320195596
7803629,0.01639071184024215,0.027860905029883958
7803634,-0.11198574430984445,0.028156160378725856
7803639,-0.054056313920300456,0.02521170194832929
7803641,-0.0666857356969267,0.02491023861878425
7803642,-0.13878293036902323,0.02770544005063059
7803644,-0.11179047570377589,0.02628089674994697
7803645,-0.13902522589592264,0.033269920706535616
7803648,0.02339882938656956,0.027373561023995248
7803650,0.06921624572295695,0.026864824174308435
7803652,-0.1662799486578442,0.025569348861044276
7803657,-0.056862539607100186,0.02704039556184585
7803658,-0.09903582623391412,0.025265004047389336
7803659,0.03744005545857362,0.031863276026281154
7803662,-0.1711055463552475,0.030730241162758985
7803663,-0.15863187047583052,0.030030165273375195
7803664,-0.1848662168625742,0.028685433589642574
7803665,-0.12561771821347065,0.024476736305433393
7803668,-0.1116868929216871,0.03409744127627152
7803679,-0.09257265704433666,0.02760311198306388
7803680,-0.15956578115560113,0.026275703845647574
7803683,-0.17351664665108546,0.026659849250727875
7803684,-0.04305893133074278,0.024416561556892247
7803685,-0.12251676385884638,0.032603149901097424
7803687,-0.10482263615820557,0.026411915924077645
7803689,-0.17498977264232235,0.02866115466881196
7803692,0.07238312386744655,0.02904010400788566
7803693,-0.0789710093617905,0.030381198785694195
7803694,-0.11347257592435926,0.027298518657443004
7803709,-0.0043026075470261275,0.026002774642708424
7803710,-0.12470509562734515,0.029738626026756493
7803711,-0.13969777198939118,0.02630307385429333
7803719,-0.1519201628670562,0.02773940585976723
7803720,-0.1743822708427906,0.02703437013300723
7803721,0.014348557693883776,0.02564112352888745
7803725,0.0312894041427644,0.030160129743271126
7803726,-0.029821598486742006,0.0293550873246454
7803728,-0.187161373059731,0.02984104743428816
7803729,-0.07196158365323209,0.02777996939536973
7803730,-0.14186652053613216,0.024710040384164345
7803737,0.0164339130083099,0.021545889679852312
7803738,-0.09651571702363435,0.03493072017301568
7803742,-0.0929707829302497,0.02883134720966457
7803747,0.0003432666880544275,0.027722011421216178
7803748,-0.1751801988487714,0.027048350159974366
7803750,-0.11080575793713797,0.02839206975937363
7803753,0.10691632282058708,0.030161647148431895
7803758,-0.1229917158074677,0.027259781634096314
7803760,-0.14201541428407655,0.027419764680661582
7803761,-0.1094053469421342,0.029949170362971518
7803762,-0.10340586226200685,0.030897217767988632
7803763,-0.04380069989082404,0.025468775817368557
7803764,-0.08565730879595503,0.027059423074239374
7803765,-0.1384294261271716,0.02777625039753251
7803766,-0.21680185992410406,0.029655993897042793
7803767,0.03849456359399483,0.03622315195367819
7803768,-0.11894610027852469,0.024260568183482812
7803776,-0.14242781050875783,0.028682246794767316
7803778,-0.18935562233347444,0.030903794254418762
7803779,-0.15342467280377606,0.030360718023814633
7803780,-0.04000688839796931,0.02388664662254367
7803784,-0.19120541362138466,0.02894102538617371
7803801,-0.08905554853286594,0.0261691711052807
7803804,-0.07093347462406382,0.023811484037934427
7803805,-0.007461248193401843,0.030084981493476593
7803808,-0.053102870734757744,0.029038794056200207
7803809,-0.05532812066352926,0.028005860564908898
7803813,-0.09998289820214268,0.024158954250324504
7803814,-0.06881440547165403,0.0240961335651089
7803816,-0.15509820092108567,0.029234686149250295
7803818,-0.060279305414311236,0.02581498906340942
7803820,-0.13761050703469663,0.026678302003159713
7803821,-0.15263725273637102,0.02741647742815376
7803827,0.10419585492322221,0.024119847916750134
7803829,-0.01843649385520257,0.030331671052632105
7803839,-0.1986820624973625,0.02647465587338518
7803841,-0.1486173327898141,0.033055624576278406
7803849,-0.07811593297566287,0.03061245579439153
7803850,-0.07352807895140723,0.026635424056123774
7803852,-0.04819406778435223,0.028175778552106342
7803853,-0.1601217876370065,0.0317098702655815
7803856,-0.1334076805428922,0.03141597006895334
7803857,-0.11698878481215798,0.0255491907799318
7803858,-0.08641342019662261,0.02907999250522915
7803863,0.02735654906273703,0.028938673194546887
7803873,-0.1780253437496722,0.028247395891329886
7803890,-0.16717382475547493,0.028729219357864808
7803891,0.08151285428926348,0.03349246939910372
7803896,-0.14556144255504477,0.029759333314764328
7803900,-0.03664088651305065,0.028749342546366956
7803901,0.0020205041016452016,0.03085240202959212
7803904,-0.1288258308558725,0.02626112611041811
7803905,-0.021548223999096082,0.024001552570493977
7803906,-0.053352960988064295,0.02736374133301582
7803911,-0.06150006590457633,0.028726456581594104
7803914,-0.12422941749403253,0.02581994260491694
7803923,-0.10394734544283711,0.02954596359268096
7803932,-0.1687619516425766,0.024890801769376508
7803934,-0.12982988549396396,0.022614780146264488
7803938,-0.09139687097759451,0.028377769520337274
7803964,-0.11113276237447281,0.02758374448165152
7803966,-0.142198776334757,0.026119559011175856
7803979,-0.11023398325155721,0.02829105737391001
7803981,0.022191777310334147,0.027380743595049713
7803982,-0.04568665073101875,0.02535329643480717
7803983,-0.15483225903334097,0.031498954558170054
7803984,-0.03546972892200574,0.024726220228148264
7803987,0.008585619871038943,0.028876943464090567
7803989,-0.1340166651851323,0.02654225724450593
7803994,0.10925228267069906,0.030003504989758366
7803995,-0.061305103687685915,0.026420670642983316
7803999,-0.1211859046262689,0.02721661659912772
7804002,-0.12465492022957188,0.028580819157683467
7804009,-0.0056021289469208565,0.026722538188173897
7804013,0.009180939125362783,0.026614162414369022
7804015,-0.04585047016339377,0.02693615825153785
7804016,-0.16693052846202044,0.028856478399738723
7804030,-0.04985003398236586,0.027139273288755778
7804043,-0.0038908305286313406,0.027073614108691562
7804053,-0.1205010782070458,0.026368004895500348
7804054,-0.20024468410026747,0.029530258594959346
7804059,-0.10079624354513363,0.02608626631715305
7804067,-0.12295939903357066,0.03165573230456067
7804079,-0.13135952076409013,0.02691429809446468
7804081,-0.1388407593363081,0.029809993050840672
7804084,-0.050191460072528574,0.028291273647068398
7804086,-0.07332868043868802,0.027022841264604507
7804087,-0.09158239657781087,0.02663555847354405
7804092,-0.19421699299337342,0.02463464221752925
7804129,-0.17030144935392308,0.030088202189227795
7804142,-0.04358608243032359,0.026518857883173656
7804150,-0.12448299645679071,0.027604121656642475
7804151,-0.08333906085044146,0.025827850847286046
7804165,-0.1656062562717125,0.031991864144438394
7804173,-0.135674870202085,0.028084844676123082
7804182,0.028657647426240145,0.025359935202022687
7804191,-0.05588992028462235,0.03371040623842535
7804238,-0.16163035661401226,0.028624378440030067
7804325,-0.044012197039090095,0.02643007644311756
7804432,-0.14931685300963,0.027516775550416997
7804446,-0.10842421269923216,0.0268757018540704
7804467,-0.04971783665101975,0.025468355812591565
7804484,-0.17359766707429664,0.029755548882308903
7804488,0.07420828414964489,0.026102326671013514
7804493,-0.12827721469430253,0.027555274324889457
7804496,-0.10838183161464986,0.028113392569884675
7804561,-0.14404940811917186,0.026755558209612673
7804874,-0.19788891239184886,0.02728879003054747
7804885,-0.06596838999842293,0.027118416369864316
7804943,-0.15300650591612794,0.025268453684394156
7804958,-0.08428917711356189,0.0263064447093025
7804970,-0.1397045892542228,0.027315474802576355
7804987,-0.19555372406216337,0.028338456472376723
7805071,0.0015829298461321742,0.029793845207747895
7805169,-0.09915846229717136,0.025884224478497676
7805256,-0.13347456563287416,0.029222816605448017
7805390,-0.012178091257461346,0.027106866722674577
7805391,0.2035246599044185,0.03279044490183022
7805394,-0.19647076325956733,0.030031104257439573
7805395,0.05880914478143677,0.028600250567997833
7805397,-0.031260686915542464,0.026734404346404797
7805402,-0.1550501259630546,0.024463654625906002
7805404,-0.026423335583880544,0.033461115618599706
7805405,-0.07870313675201032,0.03199887376574067
7805406,-0.19019571144878863,0.02541862683828048
7805410,-0.03364150504162535,0.022861685245563892
7805411,0.09769807618844789,0.025622721315150494
7805412,-0.10241547492658719,0.02764221206523281
7805413,-0.11207501165592111,0.024734233488866653
7805418,-0.1072353910706006,0.02697751068125634
7805421,-0.11999020919020405,0.03153517125470178
7805422,-0.14534846999961884,0.02470773276881437
7805441,-0.15451985427332693,0.025157450995832817
7805444,-0.10179862337349914,0.02717622800063643
7805445,8.613104169489816e-5,0.024873468959044583
7805468,-0.21866973572596907,0.031336918530872504
7805469,-0.1702733627888374,0.02716293466525602
7805470,-0.08836834523174912,0.026417123438840902
7805471,-0.07339798440338928,0.026576045331222823
7805478,-0.06775949057936669,0.026675792316353936
7805489,-0.11352306294604204,0.02619196255601086
7805492,-0.17841869906242938,0.029430751135975094
7805497,-0.16130654602963476,0.02530244403773597
7805499,0.13471577256079764,0.032369511416551824
7805500,-0.02917977326536493,0.025799815631891276
7805511,-0.25159041389636694,0.02861704649496188
7805513,-0.023804513308219612,0.03134955468466871
7805515,-0.03857154872198589,0.029314143645286447
7805517,-0.14957641844823957,0.03049500171218657
7805539,-0.1986106480555609,0.026017495601723846
7805541,-0.14035865399008618,0.02814639403477818
7805542,-0.07747277742665028,0.02626818197281636
7805544,-0.1221787682902068,0.026848934721292995
7805545,-0.05173735817882698,0.027040784046523297
7805547,-0.17281246599275618,0.029445041272935773
7805554,-0.17775024752272292,0.031124010575531186
7805555,-0.16643912765197455,0.028835923044770017
7805556,-0.13157982434611767,0.028127667395945563
7805560,-0.08769965251674876,0.02724154306334409
7805562,-0.17272595873707905,0.028771817176957006
7805563,-0.0378903548339149,0.025149412198027327
7805595,-0.16828687760210595,0.028944061204877147
7805597,-0.1893468162175268,0.026525862051299025
7805605,-0.045337202174821865,0.024398771669215863
7805606,0.14753416369552724,0.026882610679408486
7805610,-0.12037752634705975,0.03243630976257699
7805614,-0.12482368734572083,0.024299682152913626
7805629,-0.1184437671864871,0.027794618696892943
7805630,-0.11526037731047836,0.026756585984594385
7805635,-0.1556647957539535,0.031557665376343406
7805636,-0.15728673507459462,0.027301469128257393
7805645,-0.10235658632125705,0.02906480991922471
7805649,0.05555513690202497,0.029000556402623452
7805651,-0.12352935741795226,0.029743236358087864
7805652,-0.0832691967257997,0.026971900958730158
7805656,0.010387051391298883,0.025459923031333265
7805659,-0.1276432096362114,0.029328477726989877
7805660,0.05283687861310318,0.029369241659778528
7805661,-0.06668509433604777,0.0294693480156582
7805666,-0.03139155520760687,0.02715541187201184
7805670,-0.026899809739668854,0.026766659006500892
7805671,-0.023777114913216792,0.021838887540852524
7805672,-0.05061133735626936,0.026758219010554335
7805675,-0.09871413840865716,0.028640449931818246
7805676,-0.1820685493675992,0.027935305114412858
7805679,-0.05998616462084465,0.025662552760662576
7805680,-0.11182359607843682,0.027458937335762164
7805681,-0.0675099208438769,0.026872674442844767
7805684,-0.2361302923420444,0.028634224035143284
7805685,-0.20221237595845015,0.030429450581117286
7805686,-0.11323303992534056,0.024670071775193515
7805690,-0.15792170318821444,0.02548053879963435
7805693,-0.16284651671652683,0.031601651076873356
7805695,0.1519526553461328,0.0374931091864041
7805703,-0.10854975532647222,0.027133749785346804
7805719,-0.16173308143997564,0.030486183823956486
7805720,0.003120262147858739,0.027733780020142818
7805724,-0.09643028142442926,0.0245595264095282
7805728,-0.21174489856418222,0.02848585935008574
7805730,0.06541160675557331,0.024436883267680766
7805731,-0.14508338687638753,0.027267528671508803
7805732,-0.10769156633247622,0.03334570463614708
7805737,0.12424422724870965,0.02454765656072579
7805738,-0.08313855650229379,0.026044754644455576
7805740,-0.11446366566666256,0.03044015796751737
7805741,-0.2543472196562216,0.02749825372119995
7805743,-0.1481294652214274,0.023918594325557457
7805748,-0.17080215475335717,0.024606152999143326
7805750,-0.02959377539716661,0.028270247732116095
7805752,-0.14703426873753778,0.029966076061433977
7805753,-0.03979604274826124,0.025896626602544496
7805757,-0.05708055917895399,0.031002845356302957
7805759,-0.1267145002533216,0.03168778154268826
7805762,-0.10363164797751233,0.031835673559172634
7805767,-0.12970514425809962,0.030269790193093622
7805770,-0.11791429531108588,0.027705231207943142
7805772,-0.165624709893018,0.02630985676131257
7805774,0.08857871956017334,0.025965958969609976
7805776,-0.10206055213697254,0.028761387229138884
7805778,-0.05272231198014924,0.027612592483050393
7805780,-0.07110761518729851,0.02462112484760439
7805781,-0.12891063492186366,0.026633237058397846
7805783,-0.13918201639156905,0.027141598512572675
7805784,-0.052189336839772296,0.024273222913413273
7805785,0.08417673680814915,0.029277847694903728
7805786,-0.18094707431271673,0.028823632281219015
7805787,-0.16240479961037635,0.028351895377948005
7805799,-0.05546718746586703,0.027062874590746445
7805802,0.08638782926695421,0.023066085493535664
7805804,-0.11421378842601553,0.02757978098506224
7805805,-0.12976905046589673,0.025765370226820735
7805809,-0.08632969945203513,0.02972897311215697
7805811,-0.05409486149391159,0.025616649689407786
7805815,0.04824876033142209,0.024764081481004032
7805819,-0.08850573321594857,0.028231729986106995
7805820,-0.12850389964226633,0.030246496167256644
7805823,0.10856902867928148,0.026050371547667883
7805826,-0.013459755294956266,0.028551426864147435
7805833,-0.028286841896828264,0.03222301862910945
7805838,-0.15538353076268685,0.03320546037115578
7805861,-0.13984639184083789,0.03079549688821063
7805865,-0.13045143001666293,0.02873751742280446
7805866,-0.15103605440235696,0.03486303680582443
7805868,-0.0030520681923953815,0.028305155963276665
7805870,-0.2282552961448673,0.038587997658645005
7805890,-0.033672852422343566,0.02715760611697837
7805893,-0.18732032535551116,0.028440131127858845
7805896,-0.14325844616699032,0.026212916064146493
7805897,0.06563531049294397,0.03258587278459854
7805899,-0.09226068685227073,0.026711205962636906
7805900,-0.11098648028727622,0.02908061097709963
7805901,-0.13029163767397403,0.02864222834988635
7805903,0.16726874985406176,0.028847569579842795
7805904,0.04041654434869997,0.02553501477358358
7805911,0.11595588163658976,0.022765374775091572
7805912,-0.09101687852165197,0.0270491979556867
7805914,0.0337601751498878,0.024628022674032864
7805916,-0.03358687212667428,0.031435768213606365
7805917,-0.10480117706418969,0.025677030310722673
7805919,-0.15593244731985031,0.027807032077905424
7805920,-0.11584689777251334,0.025900461912229323
7805922,-0.09697350142267533,0.025943199180381744
7805924,-0.14129083640663884,0.030489461795172725
7805925,0.00590566032215429,0.024285003363482417
7805926,-0.06281310403812676,0.030374545775849488
7805928,-0.12090875883051194,0.02456196760289868
7805931,-0.1978623767569661,0.029619920027435465
7805936,-0.15524145174142906,0.029670632574091183
7805937,-0.1850653959880583,0.027318766584950558
7805938,-0.02044448415390798,0.02353042347342536
7805941,0.007326718434691429,0.02696728961662556
7805942,-0.017472536349203437,0.027413698812241417
7805945,-0.22727422399958597,0.031047443028641302
7805946,-0.15486004141054582,0.031159611250284013
7805947,0.032974659449158936,0.02332250145557012
7805955,-0.10372198238642887,0.026385068922173106
7805956,-0.0734821647371864,0.02885871500367743
7805957,-0.04642327971709892,0.02754570772430372
7805965,-0.19461527887592092,0.02644014710227344
7805966,-0.053455129355192185,0.025896822995521138
7805991,0.02839654322358547,0.028805237199044206
7805996,-0.029232948284596206,0.022069213733934744
7805999,-0.14731552304141224,0.0294140249225667
7806001,-0.17293111396976746,0.02787085771705858
7806003,-0.07009458197536879,0.03193688302428928
7806004,-0.18777904993048286,0.031063446244960404
7806016,0.06781107286794577,0.025906710711224575
7806020,-0.17356720514263724,0.02681580227154069
7806022,-0.1070468493688386,0.028274966794931702
7806026,0.06534465192869539,0.024883650761422474
7806029,-0.13529771883646027,0.029606117184048483
7806032,0.039561962853185834,0.027792619348298332
7806034,-0.18835259739169852,0.02929537687503496
7806035,-0.22070627439627424,0.02910895151796099
7806037,-0.12072684136591852,0.02459006844365557
7806048,-0.11385568601393606,0.02620681452604181
7806049,-0.19553847698774188,0.026761331098472837
7806050,-0.10476400953345001,0.02480796421455016
7806052,-0.006537146134767681,0.02705575397650246
7806054,-0.17966755856759847,0.02965465624755753
7806056,-0.04446971118205693,0.024224322062502062
7806057,-0.022698142731460393,0.024116419940134942
7806059,-0.12681254741747397,0.03088649485046011
7806060,-0.14680447885137982,0.028886296946110446
7806062,0.01311031572590582,0.02915488013285454
7806065,-0.16266514618892688,0.030953187639964384
7806081,0.002349869251906057,0.029615787850779635
7806083,-0.18554143274202942,0.028164689589062736
7806086,-0.132778537733946,0.02427964984875661
7806087,-0.1567357656932436,0.027965321788615317
7806089,-0.1880464833639562,0.0270700753429302
7806091,-0.03787209730781615,0.02534693174494284
7806098,-0.10874860007333337,0.028137631789301808
7806099,-0.14587198032415472,0.028936889809074277
7806100,-0.08809140448295512,0.026658814956986143
7806101,-0.08231327614642214,0.025831669338711376
7806103,-0.08661881626816466,0.026124389282361885
7806105,-0.04186092010856373,0.025782439606470763
7806107,-0.04158809005306102,0.02678391921671781
7806116,-0.13089583825645967,0.03120336134725077
7806117,-0.13501239714515395,0.029820364155037346
7806119,-0.17197067363280802,0.026027389628583725
7806120,-0.13254234101600013,0.0279546425465311
7806122,-0.20264148303540425,0.02739260602892578
7806124,-0.11851446381385904,0.02998052065107107
7806125,-0.16299324849038385,0.027637659102561093
7806126,-0.16072399416286498,0.027570920075170903
7806127,-0.017115428317105396,0.027321621616963193
7806128,-0.11349491399899125,0.02729248507927836
7806130,-0.09961020047077909,0.024052586681120453
7806131,-0.03048792509647319,0.03051547518872671
7806149,-0.036426574983794126,0.02626782128217451
7806150,-0.12724833335145377,0.027866558165593792
7806151,0.015209005448035896,0.025625783105060446
7806153,0.10439120356994681,0.026395939790556426
7806171,-0.08780305615637916,0.026843113472025882
7806172,-0.1355682832719176,0.02790734450263807
7806173,-0.1387315622724127,0.03145491818623605
7806174,0.03274522001761943,0.02890886863590902
7806176,-0.19327880178857595,0.028323627533434023
7806178,-0.10527762622921727,0.0303404926631647
7806181,0.01871761847101152,0.029607377960390757
7806182,-0.004297767203403055,0.02702070160486543
7806186,0.024449433684814722,0.02186568128620943
7806190,0.017199605173664166,0.03073026975991022
7806192,-0.1603657707950333,0.029966641771888947
7806195,-0.13560916221700609,0.027291343670957372
7806196,-0.0056789418738335375,0.02387001900971184
7806197,0.02946500748908147,0.02285996516387925
7806198,0.02431212639680598,0.02946069960271803
7806204,-0.1277691948749125,0.029712205536035777
7806206,-0.13962401807811695,0.02645107185657464
7806213,-0.14342331627616658,0.02586472313390873
7806215,-0.005988909225910902,0.029817806671923994
7806216,-0.061834433457814156,0.029357201970783176
7806218,-0.07749593399651349,0.023134673969838055
7806221,-0.1248553280084161,0.02938945404552996
7806227,-0.015332452949136495,0.028111102253038676
7806228,-0.13529492187313735,0.027822724333913668
7806230,-0.11689477421541232,0.025436210655827244
7806232,-0.0669209860493429,0.025728523524387235
7806234,-0.0577499109567143,0.028790910335774647
7806235,0.07547449234151281,0.02923565079729005
7806250,-0.05288715470541502,0.025484480255255553
7806251,-0.17604848636500536,0.026331312659976087
7806255,-0.17778915496077388,0.02614060096704365
7806256,0.041591152251930906,0.02840452974019565
7806257,-0.16092554544546875,0.02637375113150506
7806262,-0.13850352135737193,0.026915310681196406
7806263,-0.1783905556718819,0.024692896184257226
7806265,-0.183793235426303,0.02895688715567906
7806268,-0.06588510792714078,0.02848354255844621
7806270,-0.10310691635622062,0.02765697554301633
7806277,-0.14339263157569804,0.02752353520796167
7806281,-0.199054957899265,0.03418812587131717
7806286,-0.14374054979253562,0.03206656737476646
7806288,-0.03723114667809568,0.027643965089148948
7806291,-0.16430475118709728,0.03189020407752155
7806292,-0.0889980313758133,0.027213915633423753
7806293,-0.07355985484132543,0.02917025641534829
7806298,-0.10893180888518691,0.02707464501822506
7806307,-0.20478834700537846,0.028612502775602768
7806309,-0.05805856928694993,0.02728522218798349
7806311,-0.05090267230232712,0.024891360321058476
7806314,-0.14433899063663558,0.02848903141576052
7806315,-0.22020930397138,0.02895616078223548
7806316,-0.1965757056127768,0.026261770280797566
7806320,-0.178701233263826,0.030246687531995633
7806345,0.00038992521399632094,0.027958885398652787
7806348,-0.10046166071109473,0.024501181631583685
7806351,-0.04567087985062972,0.022709778397745663
7806355,-0.08371101037738844,0.02586794860677064
7806383,0.02562249554065056,0.028883805064660262
7806386,-0.15245363133726642,0.02493743237045879
7806390,-0.041316698116308545,0.029033882322832164
7806391,-0.14703458977211267,0.029238543484084716
7806392,-0.15643858996091875,0.027806308117884624
7806396,-0.08069815878733061,0.02968341150646929
7806400,-0.18059883065731264,0.03003775011038496
7806403,-0.20350353093165904,0.030713479750500466
7806433,-0.18271668964391574,0.027193326227010765
7806439,-0.1710493533499539,0.025811080346701078
7806448,-0.15747373936872464,0.03362923276685782
7806459,-0.19714251486491413,0.025596891079959265
7806463,-0.12453343049646355,0.03175540772215124
7806465,-0.12474377026688308,0.03109984382928558
7806470,-0.1308597103646025,0.025982054717769192
7806471,-0.11931268889503553,0.031622573913801286
7806472,-0.10609844652097672,0.027888509017265466
7806474,-0.07480496864020825,0.02515163351669618
7806476,0.011686372383497656,0.031363895284529854
7806481,-0.02862620310066268,0.027913198305159224
7806482,-0.17088099737942686,0.030216447177878396
7806512,-0.14594465610571206,0.030237017807847107
7806515,-0.16398071981337853,0.026499390668611338
7806519,-0.18372999786864966,0.03597758063265636
7806521,-0.17877743647946046,0.02824640355083822
7806526,-0.0804626935813576,0.02877131758675367
7806528,-0.08536686496002222,0.024913095307556605
7806529,-0.06327964562177658,0.027496901084956657
7806533,-0.07955066779698246,0.026767658104791123
7806542,-0.13121171391534153,0.028063029247960534
7806560,-0.01042484708048869,0.025764090118709903
7806564,-0.1482790892906487,0.025290731732100228
7806571,-0.060270477363839746,0.029083232970226795
7806577,-0.023090499630896374,0.023504758891342573
7806579,-0.0432483046236448,0.02396013778865145
7806591,-0.15298970747855492,0.0304861235699117
7806596,-0.13056463641952723,0.022325898211211243
7806600,-0.03263365300768055,0.026649846859251845
7806601,0.2735575057854876,0.034714426269003104
7806605,-0.15840074692480266,0.027685596582292672
7806608,-0.11436534237601154,0.026884910758078633
7806610,-0.0721350978994742,0.023869845997941872
7806612,-0.06927057590615004,0.02955058792608401
7806614,-0.15526740751974286,0.026536415104162603
7806615,-0.11733791527524591,0.025687874851912713
7806622,-0.057600938708055764,0.02769072686631496
7806624,-0.12501693882024847,0.026867396839659566
7806625,-0.09529705579392612,0.02413105660929176
7806632,-0.18904564250539987,0.026450215636194086
7806642,0.15850548341311516,0.03220515435349484
7806644,-0.06427872603200376,0.02224438409775308
7806646,-0.17620893872901797,0.02643701870091088
7806647,-0.1357712471499108,0.024065876139867888
7806650,-0.014907447533449159,0.03049322275192259
7806656,-0.10208321409579367,0.02579506088338288
7806660,-0.031019037897582168,0.02556033870378879
7806665,-0.11321759974537417,0.02237463650563064
7806668,-0.1798097162283957,0.029535255406714728
7806670,-0.12338918121298775,0.029923791628468015
7806675,-0.08540196697320789,0.022754274434425056
7806701,-0.1439869757257402,0.025944230054496316
7806703,-0.0851667101738276,0.025418740070452372
7806731,-0.1443366279732436,0.027455997386399297
7806738,-0.09606026122928597,0.0298688004903595
7806744,-0.15789612926892005,0.025885779540051584
7806745,-0.1270141356950626,0.02674109595680588
7806751,0.06642981823184528,0.028034844823033468
7806760,-0.11872633198089898,0.025060845520446937
7806761,0.0013622231290210038,0.02719723088737656
7806762,-0.18346074954606592,0.02641244782359761
7806764,-0.08262004566937685,0.02605278485193939
7806770,-0.13580865591950714,0.026842883180420572
7806774,-0.05916921049557277,0.025895726053054957
7806779,-0.1397768918380607,0.027929714871463125
7806814,-0.0956584072704427,0.02598731628730445
7806815,-0.09580480798264034,0.028798973925972967
7806817,-0.18458900537481532,0.027150735943450653
7806825,-0.15419352908805012,0.02717262394031764
7806836,-0.1364283348629251,0.032879130967024876
7806839,-0.047109413322759794,0.029567203556600002
7806893,0.0008054791870526969,0.028407337819230397
7806900,-0.17418540456146,0.02500000046517101
7806901,-0.0734699603295885,0.029936551492618212
7806915,-0.16087523072957993,0.025804837190070675
7807049,-0.0766762702325359,0.02585102286792907
7807058,-0.05419024523132248,0.025832327654498253
7807124,-0.15874438148224726,0.025725256118038473
7807126,-0.1709259006611537,0.0251298868761214
7807147,-0.17159735904145054,0.02565522123913898
7807308,-0.0780198270867113,0.027779313504826098
7807352,-0.035242173154721966,0.025737515324415514
7807609,-0.04292809587408555,0.02616440015391277
7807654,-0.07496472101192922,0.02820912965464033
7807985,-0.12032572856266052,0.02729270364600545
7807987,0.014183359541348181,0.023171285768417083
7807991,0.09252058055181987,0.028349281469538093
7807993,-0.09834257674985565,0.024049304807832003
7808000,0.034274378899019214,0.027385473241991337
7808009,-0.06560724260122515,0.025885027498356573
7808011,0.046110437673982235,0.025059343671901935
7808013,-0.06911541294725612,0.02570615779001523
7808014,-0.13451544490654488,0.038949918396946365
7808015,-0.06504449537280016,0.028752579750051115
7808018,-0.08626166138332338,0.026846985019666866
7808022,-0.14605013484717347,0.027088874922444467
7808023,-0.07066292405314743,0.030491633388066812
7808024,-0.06258437374653295,0.027598832634606215
7808026,-0.17751785216853022,0.030342417262739885
7808027,-0.07908340581180527,0.02726604445486375
7808034,-0.16878974217548967,0.02585304708686245
7808037,-0.1777097783309873,0.0293456098962594
7808038,-0.14818992928043007,0.02584562048984126
7808057,-0.15018194128759205,0.02512750672680622
7808061,-0.053201143939048054,0.028291419318214446
7808062,-0.14437644727295265,0.024926735386569247
7808069,-0.16185440552979707,0.029158876995180532
7808071,-0.19933752113766967,0.028862104073720606
7808073,-0.15686695221997798,0.02469796588877072
7808074,-0.0632681229673326,0.026225424502013987
7808075,-0.11974137612851336,0.023953057829127006
7808079,-0.13593672195449472,0.027621911437762492
7808080,-0.19555579974036663,0.028635148614457505
7808081,-0.087909888880793,0.02512172474383332
7808083,-0.14119732855446637,0.02641023631064202
7808084,-0.15410701878601685,0.025855220546172425
7808085,-0.19840954082738607,0.025360921946800247
7808086,0.05773655269108713,0.03161861165067915
7808087,-0.11816800234559924,0.026897446584175446
7808088,-0.13173515034094452,0.025130366739257965
7808105,0.03777069771359674,0.02336287166563781
7808106,0.02381322663463652,0.026575624126443365
7808107,0.030077716738916932,0.026126413100147974
7808111,0.09990113032702357,0.027783679336062475
7808112,-0.006575703282607719,0.025853702786276658
7808121,-0.17199034884897993,0.026811302004956225
7808122,-0.244544968130067,0.027199906226345556
7808123,-0.12425835203938186,0.026445072679408013
7808124,-0.06294036268163472,0.023448241159791945
7808126,-0.21082632462121545,0.02712864701017129
7808129,-0.11455937837203965,0.02522215739094533
7808130,-0.17128885004017502,0.033143382657985616
7808131,-0.2417114988025278,0.02788187063851756
7808133,-0.2062145245638676,0.02784976480552862
7808135,-0.1951188718995545,0.026046817621603362
7808136,-0.18110470786038785,0.024326487595709777
7808154,-0.07385712925507687,0.029912779731656288
7808155,-0.030399402806069703,0.026094498440095995
7808160,-0.015818896054290234,0.02717910239090995
7808162,0.00781523810653016,0.0226795616498794
7808169,-0.14205320044560357,0.026451288648577903
7808170,-0.0986594686298631,0.026161114823762238
7808172,-0.09927082401560619,0.027754669181316107
7808173,-0.07266337719699367,0.02723270536210966
7808175,-0.043049605918931776,0.026759347121894983
7808176,-0.07103642085660249,0.02428579699061815
7808178,-0.1094865910448134,0.027875745553214485
7808179,-0.117294348573545,0.02702329397572401
7808180,-0.10156630437960848,0.0269280315929433
7808181,-0.09983687174599618,0.024927918136276563
7808184,-0.0877606632753741,0.027061910774646387
7808207,-0.1903618596503511,0.023821376597185494
7808214,-0.17034409105591475,0.03005935054012017
7808215,-0.14687400925904512,0.025906653289257692
7808216,-0.16251883697230368,0.02572635348696689
7808217,-0.08770180476782843,0.023911375612396767
7808218,-0.07819290648086462,0.02458629582647523
7808219,-0.07203330473694951,0.024102301306326894
7808223,-0.04011516106757335,0.022606210400618512
7808224,0.017642633044626564,0.022132373892587966
7808225,-0.10757058966625482,0.029191163638128608
7808226,-0.09239979057200252,0.029118639188297553
7808227,-0.11133573255734518,0.02871090628262676
7808228,-0.05571496430458501,0.02448666537216841
7808229,-0.12997508489759638,0.02565613885666236
7808230,-0.06068503124127164,0.027670980982902826
7808231,-0.07732096996344626,0.026834685177631365
7808249,-0.17697795807570219,0.027700040413665774
7808250,-0.1286376034459099,0.025473847043319463
7808251,-0.1355978469727561,0.024450840992470347
7808252,-0.16497976648714394,0.026426526056795706
7808255,-0.0985717157498002,0.02454318601918354
7808256,-0.17263676488469354,0.026677356094079972
7808259,-0.15982925459276884,0.02284554469302328
7808260,-0.004985155120491982,0.021443955234462117
7808263,-0.1287907890630886,0.024826995504036792
7808264,-0.16411129769217223,0.024956936813093696
7808265,0.017849379988212604,0.026957722660593916
7808267,0.02158044725947548,0.02386203775824299
7808268,-0.09033941672742367,0.027770539197645674
7808270,-0.05019821329283877,0.029340743013210872
7808271,-0.04153656020219205,0.028629709467256393
7808272,0.06548261591634946,0.02486273252945644
7808273,-0.07567253828924732,0.028646044351570116
7808276,-0.07340501318406313,0.0280829938687214
7808277,-0.10746135210152716,0.03215914924387414
7808305,0.08427902443008498,0.021301625584046652
7808308,0.10594130485737696,0.025384768473354222
7808309,-0.012028990524122492,0.032164925093615314
7808317,-0.01603745540755335,0.02965776870560679
7808319,0.021821696297964082,0.029439857534030372
7808322,0.05438384409039281,0.025548266654879515
7808345,-0.131473864229396,0.031021071393915644
7808347,-0.13336387301795186,0.028968648358070965
7808348,-0.12997202938143165,0.028356814979987082
7808349,-0.11323890245705844,0.02752942178283978
7808350,-0.04809757340734359,0.02601739736621449
7808351,-0.15599399099638686,0.027961176255105955
7808353,-0.12383457182685378,0.02858738367525657
7808356,-0.10670450925134355,0.025609797993840874
7808357,-0.13398688324773683,0.03068543084866314
7808358,-0.1515616003338946,0.030320083217446864
7808359,-0.02004479290940799,0.025609511716221882
7808361,-0.1697925906344317,0.027429630750961238
7808362,-0.1441455935561098,0.029022862299388583
7808365,-0.14671760852914303,0.023263027954970494
7808366,-0.11460685737384484,0.027819177057569693
7808367,-0.1818196439340245,0.03062048763751275
7808369,-0.18075674897711724,0.026566065580723938
7808371,-0.10621987664327025,0.024705419169722926
7808372,-0.17418381700699684,0.026919464173305572
7808373,-0.154157798145432,0.027890313685003283
7808376,-0.1430832374007441,0.02829208935490039
7808394,0.0057227507578209045,0.02520473833422658
7808396,-0.06876065221242607,0.02748646741659412
7808397,-0.12701499213953502,0.03637657858551157
7808399,0.07912999811558984,0.027842964781764647
7808404,0.027994121665600686,0.0206563244112742
7808409,-0.07517562637914671,0.024921372301579366
7808411,-0.06987568392246613,0.02479323830849548
7808412,-0.10074532829926465,0.02638853264306152
7808414,-0.07537529136543163,0.02548582881402663
7808415,-0.11537549628660781,0.02710840244182428
7808420,-0.11941545411606785,0.028653825325787412
7808423,-0.08105483691266273,0.025574348985484576
7808441,-0.18217638464993796,0.030196430091219896
7808442,-0.10246460176003165,0.029327594118731298
7808454,-0.13781381844403223,0.029156060702652132
7808455,-0.18388458387367426,0.029378746819352822
7808457,-0.1888899764668895,0.028219243360832858
7808459,-0.1327688513584435,0.028709351392161086
7808469,-0.15495024949847722,0.02830278460952534
7808472,-0.0488662139181979,0.02637296002887654
7808489,-0.18716775869717822,0.032674257701877034
7808490,-0.15082822182774544,0.02497936884649703
7808491,-0.15049625820480286,0.029166267789444218
7808492,-0.1663314831983298,0.025504263234318113
7808493,-0.1855865077096969,0.027019137979044032
7808495,-0.16698038586089387,0.027565712627419987
7808496,-0.1522939163025003,0.0235997493781098
7808497,-0.1798482404174283,0.023328847795187634
7808498,-0.14494782470026984,0.02767845975138885
7808499,-0.09820427050616126,0.025122122625603576
7808500,-0.08516166794346645,0.027029654791911523
7808502,-0.08930002644105116,0.026686869262318842
7808503,-0.1421996486708522,0.02520282589308723
7808504,-0.1559224511696957,0.02377091208008827
7808508,-0.04412591492268257,0.027355036448827034
7808509,-0.10400723205017857,0.02889365256779182
7808513,-0.0456640551192686,0.027304447769370854
7808514,-0.026708914171904324,0.026568704182407112
7808515,-0.06980400434928015,0.02313319949584352
7808517,0.09881223798869178,0.026092104073651683
7808518,-0.05526668529678136,0.027743531190535534
7808519,-0.02164145729574375,0.027053062788157025
7808520,-0.047426201125606894,0.02904578702675656
7808521,-0.08948305353149771,0.03139653876393173
7808529,-0.10656953169603367,0.03342221593685793
7808530,-0.10178599441738334,0.035585173508424064
7808537,-0.16629158423375337,0.029341761223472325
7808538,-0.11606935291073751,0.02336714630898446
7808539,-0.1600029934383929,0.025066665417357303
7808540,-0.17825335428491235,0.028390511005115485
7808541,-0.1940759722882649,0.02750873362340404
7808542,-0.1473432121537626,0.024375505333408525
7808543,-0.1681332054687664,0.02675002127618656
7808544,-0.14243045449163766,0.027815813691454867
7808546,-0.1349713721256703,0.026534467693495132
7808547,-0.11708849158603699,0.02762392461524451
7808548,-0.1421919006537646,0.0249228518411997
7808550,-0.17074991833837702,0.027813048379073318
7808552,-0.0844789501260093,0.025003095333080285
7808553,-0.11484707550983876,0.025819048893556244
7808554,-0.1830497927237302,0.026469520788005355
7808555,-0.1387261701785028,0.02597528431364306
7808557,-0.16763378089200706,0.025447989067667258
7808558,-0.20785699856327847,0.025498388099426745
7808560,-0.10341647761315108,0.022989609231119153
7808561,-0.14189372658915816,0.027873970938031886
7808562,-0.15759460601722822,0.025974660557530622
7808564,-0.16937589623592794,0.025443316100274078
7808565,-0.20018248378951103,0.029133634185452045
7808568,-0.09084536844328978,0.027387009286189846
7808587,-0.1383083255267702,0.029585988724946492
7808588,-0.022831053005997092,0.02644979302021984
7808591,-0.13065189632494004,0.02657614749565381
7808592,0.003927450869232416,0.026341438836097433
7808596,-0.13878797692386433,0.02818580001820243
7808604,0.060098722596652804,0.025022967093620476
7808605,-0.014295150412246585,0.02836426631440636
7808606,0.009861926931538619,0.027183164270456913
7808608,-0.07396603174507618,0.029520657126343417
7808609,-0.039811303084250536,0.025991401135567308
7808610,-0.0021244603699306025,0.02648280486409637
7808611,-0.07105651880986988,0.027110681318531483
7808612,-0.054755273214774206,0.025560180221949648
7808613,-0.0742083320262609,0.027903889853615284
7808614,-0.09633991929609328,0.026452187234022987
7808616,0.02287331596482545,0.02717209334946613
7808633,-0.026453150961198844,0.026974887394893347
7808638,0.008046261757612229,0.025327023197331152
7808649,-0.2237570864111185,0.030584526496941277
7808650,-0.09427042867289856,0.023609312747288468
7808651,-0.22042644060216843,0.03824252634012357
7808653,-0.20910768463462592,0.028682545596744862
7808654,-0.19408136030286552,0.027536237935797445
7808656,-0.1202880324232392,0.027000266313368784
7808657,-0.1870265972688794,0.026966319297200007
7808658,-0.184785122144036,0.026168055128138572
7808659,-0.22768270473368465,0.030860966852953243
7808660,-0.2137873965105973,0.031108134152798783
7808661,-0.19244483936857432,0.027980260518975997
7808662,-0.21530502964463086,0.03057307739614207
7808664,-0.14792460603942165,0.02878578660688659
7808665,0.0655432025063783,0.02597358443104891
7808666,0.09454647931270302,0.024909561982638752
7808667,0.14323305660998448,0.029145167148508875
7808668,0.23198429401498288,0.03275380582394895
7808669,0.10492811552598141,0.025320935526345296
7808670,0.04886958227446303,0.027065374542542722
7808671,0.2061884773649508,0.031835616550527863
7808672,0.12013954697456211,0.0249209971478634
7808673,0.04406345646758564,0.029426612904184794
7808674,0.09426569171366282,0.024557687712978313
7808677,-0.010992868307512253,0.02979917625105259
7808678,0.14513941498193889,0.02389659659424278
7808679,-0.11955606570967939,0.028078687299680206
7808680,0.01436358643323183,0.027187345032704785
7808681,-0.07595218664134154,0.027871629830131396
7808685,-0.03826162708317861,0.027670088495472922
7808689,-0.06621168698370457,0.026890169363026767
7808690,-0.04776021151524037,0.027932570737837194
7808691,-0.05275751967169345,0.028654675721140214
7808698,0.03260420273407363,0.02854964064252076
7808699,0.04177654803963378,0.0250745168501585
7808700,-0.038223854359705,0.025098809080070346
7808701,0.08534358131140471,0.02576944422984868
7808702,0.0036708335656439888,0.02797348607274742
7808703,0.0837409279383719,0.023250278122439648
7808705,0.05074818477383815,0.024718529463223404
7808706,0.004447874357458204,0.028732064566007565
7808707,0.17379081929614767,0.03210262449203916
7808708,-0.0143637817252893,0.026579135345003335
7808710,0.019520765131921507,0.02801524257158892
7808711,-0.025692239099997096,0.02561202793274147
7808712,0.012414382884744555,0.027558380966581836
7808713,-0.16880082383612172,0.02732885310020389
7808714,-0.16008357190829703,0.02586309393139588
7808717,-0.16905098514165728,0.03173122133250026
7808721,-0.11621240523306187,0.027415164790520974
7808722,-0.1874059329861775,0.03326003725302653
7808729,0.017675927452743052,0.022777940892887056
7808730,-0.07759835154563188,0.02760742674974643
7808732,-0.0828030911963433,0.027580691920546338
7808733,-0.03730569213139825,0.02670059588873938
7808737,-0.06106984876375646,0.023577697398797483
7808745,-0.08009593611730088,0.027744047826703606
7808748,-0.12633707579036127,0.025901222315332116
7808749,-0.12432105959193723,0.026106170103287567
7808751,-0.12472860815183959,0.026228630144051853
7808752,-0.12412591549608623,0.027162439213373253
7808753,-0.09591770204901695,0.027883221105698557
7808756,-0.11974755978095346,0.029307217278782445
7808757,-0.12986562302988022,0.02651408900084588
7808759,-0.08561321202106774,0.02848417787344026
