ID,EBV,PEV
7802773,0.008389959952997742,0.00029164469123943454
7802774,0.00826052798423916,0.00044315959270207697
7802775,0.00921972739281773,0.00030971910846511126
7802777,0.009315309826051816,0.00036544086991048064
7802780,0.00929929585714126,0.0004922624694728103
7802781,0.004556818338591256,0.0002546778530517519
7802783,0.011091956966323778,0.000458735754390798
7802784,0.006379505806020461,0.0002490998496235458
7802785,0.009063752145841136,0.00032153658538681637
7802790,0.012797199959029967,0.0005843682715684993
7802791,0.009796478102216497,0.00038410762654940374
7802793,0.008119628200729494,0.00032634652372659777
7802796,0.007153950605497812,0.0003978396150319293
7802803,0.008010867819524719,0.00030899521550803867
7802804,0.012297011680260766,0.00047224604542403205
7802810,0.008804797159518785,0.0002636730032809308
7802814,0.009630794230033643,0.00038627007167137297
7802815,0.0070669257779954935,0.00028555793683029035
7802816,0.004392083785816794,0.00029347932578990463
7802818,0.00952197526730015,0.0003473181375404904
7802823,0.009431928955382318,0.0003316242110041494
7802832,0.006002026757181739,0.00025266273917106123
7802833,0.006379089737351023,0.0003447482545250088
7802834,0.0067239893523365025,0.00030656905374902934
7802835,0.007385862830738915,0.0002801777043420035
7802842,0.009665807714394759,0.0003623135291961753
7802844,0.009550444291016901,0.00031843485847483964
7802850,0.00977307433209353,0.0003313927407388397
7802853,0.009306297400631592,0.0004058888018516199
7802854,0.008977988164057024,0.00039205374855634523
7802856,0.005728768336542999,0.0003157658253567212
7802860,0.010554765396183939,0.0003118105529189391
7802861,0.008715051761537324,0.0002758401756925827
7802862,0.010750472449250082,0.0004795316439297373
7802869,0.009627249347322503,0.00043063890975791945
7802872,0.010847051130986074,0.0004637480246952807
7802873,0.010238246632412483,0.0003546802099956146
7802875,0.006041547816726961,0.0002634826040987351
7802878,0.005749380257009762,0.00024145362121529473
7802879,0.010829613597187746,0.0003073778317820656
7802883,0.00880095868110584,0.00040720341710312377
7802886,0.003681495185097447,0.0002753752551559417
7802891,0.007020850366148807,0.0003209468130563151
7802892,0.009464005894842557,0.00033396458283847823
7802898,0.009361186274196371,0.0004993075228059967
7802899,0.01056986888384563,0.00039518857499467046
7802901,0.009148170590691734,0.000508162842072005
7802906,0.010275137846023427,0.00035511897166230533
7802908,0.009253137216663163,0.00032392728190196234
7802909,0.010065855913497217,0.00033035292765171804
7802910,0.01076071198558202,0.00038823571541277314
7802911,0.010882418466164381,0.00037637275134265344
7802913,0.007901043768564705,0.0003626612378745664
7802915,0.0066977866982633714,0.0003036390108198364
7802917,0.006968922704749275,0.00037727064349415187
7802918,0.005484526774351252,0.0002666614184414906
7802919,0.011310992908576737,0.0003222503347327252
7802920,0.012642042674706318,0.00044874177138768334
7802927,0.00830579063524783,0.0003966095709754524
7802929,0.01298622320787399,0.0004559504377134825
7802930,0.013896055084012914,0.00041814818515524695
7802931,0.012770473840777412,0.0004433374783641845
7802932,0.008300611729784578,0.0002745604135296229
7802934,0.009128550752910088,0.0004817658561077218
7802936,0.004415899857012846,0.00023869321901589694
7802937,0.006671402098909311,0.00027778429285889484
7802938,0.0089166014866787,0.0003386351803663507
7802942,0.007906848269478359,0.00029454214397419163
7802943,0.008663116933224956,0.0003335777553780621
7802944,0.006362191156164045,0.0003793448035854636
7802947,0.008865651120984693,0.0002649172011276824
7802950,0.01170057579744025,0.000661036022404252
7802956,0.008541254609226598,0.0003690659441206706
7802962,0.007966661161424781,0.00027984591624475414
7802971,0.01145064388946048,0.0005917234549018734
7802973,0.009590789653884713,0.0003502004678659129
7802974,0.007980501391808502,0.00030245887762098454
7802975,0.008773623085879081,0.0003354708985492492
7802979,0.0078006773803645044,0.0003394651208631789
7802981,0.007448028226339375,0.00030407365204975856
7802982,0.011076164940204762,0.00040007025663321125
7802983,0.00887702149845427,0.00034395849282474597
7802985,0.00759265127699473,0.0003536140642946685
7802989,0.0144554011283617,0.0005913626719802318
7802990,0.008504870556032983,0.00044483155344553216
7802992,0.005385706946224673,0.0002641265492188849
7802995,0.008207109633411164,0.0003116039205438793
7802998,0.008859979409287917,0.00036460624413736724
7802999,0.01238016360209076,0.00038765261007340206
7803001,0.008858263946312945,0.00040836948522812873
7803002,0.008586315272696083,0.00031044796706110935
7803010,0.007167663453612477,0.0003496783530384447
7803011,0.007254540870930214,0.00024608883906253835
7803013,0.005201708039647201,0.00025301734052134416
7803014,0.00889608582521032,0.00038559419882614224
7803018,0.006992355398979271,0.000348339732797391
7803019,0.009010449548484758,0.0003994604006516983
7803022,0.005034927235275973,0.00024632840720570533
7803023,0.008587761286660679,0.0003679224843480097
7803029,0.009861594559450168,0.0005536979623285954
7803030,0.0072865141601068896,0.0002886008898570017
7803032,0.008881255454936763,0.00037762226617422685
7803039,0.010655173957857186,0.00039987822112010296
7803040,0.0070150445370236415,0.00029172530350956536
7803046,0.006610676618583966,0.00026400582213442493
7803047,0.0078006433274131265,0.00035252153368090845
7803049,0.009585819745319895,0.00042456124314950265
7803052,0.00986653432859748,0.0003299933345110247
7803053,0.010037359053618274,0.00036675035358806816
7803054,0.009340156898681016,0.00031840244442659944
7803059,0.012464450140192639,0.0005181014509835924
7803064,0.010441471193989854,0.00030907386124341717
7803065,0.007779227349470602,0.00041107276756859994
7803066,0.010023217589594425,0.0003455513764531135
7803068,0.01135943215934094,0.00038555461261264857
7803069,0.007939166050775385,0.0002459002908003663
7803074,0.010271217638452072,0.00048756707776296756
7803075,0.00902435698636691,0.00028337878988014993
7803076,0.006768199928337708,0.0003132822925769876
7803078,0.008444099489979635,0.0003185821716386072
7803081,0.007796104936511256,0.00040421432364436274
7803082,0.011157573418880929,0.00043905373863563726
7803083,0.00861925572543987,0.0003550827117244523
7803084,0.010153371326334308,0.0003454115272058473
7803085,0.010018663044131244,0.0003522752277483162
7803086,0.0069388072605070196,0.0003653045358921815
7803087,0.007077491673160694,0.0003175709006659379
7803089,0.008243709275295259,0.0002952393008350809
7803090,0.005410501128382748,0.0002890576357077886
7803091,0.009622297651105328,0.00046493161169284424
7803094,0.006932966132924776,0.00043882169312247244
7803095,0.008974092042408302,0.0002520288025406521
7803096,0.00870673250220716,0.00037421845385695424
7803097,0.007487588187505025,0.0002685563734603759
7803098,0.007903446687232646,0.0003177259896367223
7803104,0.006488754555670312,0.000338448771248611
7803106,0.009238846706255572,0.0003016938465477994
7803107,0.009097894280130277,0.0005312254207689527
7803108,0.01037459684710484,0.00032657191966384107
7803110,0.009822421985103575,0.0003400459206093111
7803111,0.00865244271332631,0.0003630876735178055
7803112,0.009173884776606429,0.00036312407784345357
7803113,0.008474781826909748,0.0003100548760852721
7803114,0.010481518605447491,0.00036078414511337694
7803115,0.008979472785824328,0.0003874697421390067
7803116,0.010376512277813162,0.00037921110786141957
7803120,0.01065643360649119,0.00029550718034114114
7803123,0.0066309649865143,0.0002286169444869743
7803124,0.008399282502839923,0.0003804051738507652
7803125,0.008984844709890239,0.00031351251704717477
7803126,0.006126735173806083,0.00037348238330103703
7803129,0.008712621636455878,0.0003254518851488576
7803132,0.01034989314537961,0.00032893141103908544
7803133,0.009868297076347517,0.00034610130889560205
7803136,0.007976256342015403,0.0002987712476393952
7803137,0.00862011366558363,0.00029151322984250877
7803139,0.010997926597570767,0.00046254282584234685
7803145,0.00854258989427035,0.00029557900143311954
7803147,0.009663214564701775,0.0003170871454542222
7803151,0.009191351015819237,0.00031458676717282304
7803153,0.012636820517494925,0.00047780855538818843
7803155,0.003579356611488038,0.0002462243721281104
7803158,0.0052391563551209405,0.00025495184059247194
7803159,0.0069036657045653555,0.0003391328618201476
7803160,0.008558425005932804,0.0003491498114641496
7803163,0.012159061183163431,0.00038771774014749564
7803164,0.007893291586835403,0.0004274940325988009
7803168,0.009934117431024788,0.0004127399780074504
7803169,0.008280612187460065,0.0004408242345158664
7803172,0.010891209002875258,0.00041045310872769175
7803173,0.0067621474017723815,0.0002809871142730653
7803174,0.009767141744261607,0.00048527590883051737
7803175,0.009205520560186415,0.0003439240302556037
7803176,0.005859539312572451,0.0002637910248429896
7803179,0.008036497529607004,0.00026742803989715486
7803180,0.005650959810503992,0.00029988755245863975
7803181,0.00890047930012588,0.00032229993577510775
7803182,0.006962163830758072,0.00023869541237817718
7803184,0.00809782843540961,0.0002853774362725663
7803185,0.011331948588398519,0.0003135546036321568
7803187,0.008536422856792342,0.0003093807446131924
7803188,0.008207441739999922,0.0004711559581315839
7803194,0.0075870505844650325,0.00035265195044885346
7803198,0.009567763039231068,0.00031371835287432844
7803199,0.007580156591066043,0.000434368507858864
7803200,0.009142981560493355,0.0003741612949627571
7803201,0.011281252790802682,0.00037234220785308496
7803202,0.006740744956674462,0.0002689359871148209
7803203,0.007121625187108293,0.000365179142949245
7803204,0.008719567314285087,0.00034827892887462385
7803207,0.011262266147008631,0.000453276455684823
7803212,0.006775143544233288,0.00025576005504296883
7803214,0.008961733449395978,0.0003235647323429005
7803217,0.010549091689528722,0.0004109327507803302
7803219,0.00975088433775818,0.0004487269127540408
7803220,0.008787212876690318,0.00031326089182099313
7803221,0.007924211783058126,0.00028245243806700724
7803222,0.009281887762233964,0.0002834343783788619
7803223,0.008837376888928702,0.0003723615501186229
7803224,0.006390683376943343,0.0002555380005448644
7803225,0.008462388394895243,0.0004569363420913023
7803226,0.008532774559862446,0.0003403494482249547
7803227,0.00946165624265268,0.00036775755708926114
7803228,0.009629809290112461,0.0003890181405306488
7803230,0.006479740426831995,0.0004060876003104715
7803232,0.009066802706191084,0.0003951330399356583
7803233,0.008859959267414523,0.0002932418328980568
7803234,0.011660191285925976,0.0003798414161240832
7803235,0.008079023809812498,0.00037174054556654486
7803237,0.011810411619240768,0.00032092314783245773
7803238,0.005429375374060328,0.0002415158943161738
7803239,0.008220578620188462,0.0003036027791968027
7803242,0.008621430439350661,0.00031021181410079916
7803244,0.004288479601120343,0.0003372071884212615
7803252,0.010227855505392654,0.00035690892914681024
7803253,0.009092097134816868,0.00028059203915064906
7803254,0.008771423497149954,0.0003147569075750278
7803258,0.00556864478247735,0.00026815096732590724
7803259,0.009543037116091,0.0003461739091273592
7803260,0.010793234025233687,0.0002857391145148106
7803262,0.007292452429403056,0.0002988385255271238
7803264,0.009511523940047482,0.00036735517408443234
7803268,0.00602600589604117,0.0003415309247466158
7803270,0.009784164130214776,0.0003414888932033524
7803274,0.011682008608971955,0.0004997956270578187
7803279,0.00983765620063059,0.00028792864746005493
7803281,0.01157986426021671,0.0004827722775169848
7803283,0.010266974934071187,0.0003214629848602075
7803284,0.004674380597280105,0.00026304138896928944
7803285,0.005623850060335826,0.00028177897348345736
7803288,0.009631995755640674,0.00034398437343154527
7803290,0.011033281629650445,0.00040232231851523745
7803292,0.011064031262450954,0.0004195516238840651
7803293,0.011541266807878856,0.00043364518834572137
7803294,0.010010031457793956,0.0004052611522311855
7803299,0.008537276479066349,0.0003482820315999157
7803301,0.007291611766035203,0.0002812577954783966
7803302,0.008882606066414155,0.00033998774642268173
7803303,0.009478278856142424,0.0003169241872370999
7803305,0.006287632846331689,0.0003208632278945069
7803306,0.008183585829698132,0.00044719819273248215
7803310,0.008502386466017925,0.0002968503819832779
7803312,0.011174879521480762,0.00038997216347926147
7803313,0.00880834703752771,0.0003889529574686479
7803315,0.008031390653537527,0.0004207731127274776
7803317,0.00793495091763907,0.0004589671416882876
7803318,0.006132186772785644,0.0002494414983910827
7803319,0.007298462387858308,0.0003075006834041325
7803331,0.008330780738702743,0.0004013008281344259
7803333,0.009018165578469052,0.0003711592241291057
7803334,0.008583332724389037,0.00034259124508844823
7803338,0.010434829676320078,0.0005669527038767409
7803339,0.008437738789496507,0.0002529617364305374
7803340,0.008943455326472758,0.000395083827310976
7803341,0.012054346593009541,0.0003683110317065045
7803342,0.0100488305214094,0.0003999273787220514
7803343,0.010854994486304349,0.0003794271441887564
7803344,0.007522598955099965,0.0004112270591747512
7803345,0.011811248307523784,0.000440048905183013
7803346,0.009190023603448935,0.00030841539078478255
7803347,0.007006608700568904,0.00032055754795380447
7803348,0.008466433698369656,0.0003547328113185424
7803354,0.008890091354471224,0.0002925178610801347
7803355,0.010439298629789847,0.00038161439307670043
7803360,0.011169970445575017,0.00031380047452754447
7803361,0.008526810490191565,0.0002981965410389806
7803362,0.00966839566937415,0.00036807657328151634
7803363,0.008534186181233963,0.0002853733757281311
7803365,0.008945578343380476,0.00028286247030689373
7803366,0.00779597237528651,0.0002573329141801368
7803368,0.007986263726255856,0.00043111162779654573
7803370,0.006289001855824608,0.00023481031751968297
7803371,0.008919857208678878,0.0003205180999644634
7803373,0.005920934462934383,0.0002568489771015609
7803375,0.010047831153031438,0.0005332489006146635
7803376,0.009398249439844221,0.0005227768391065973
7803379,0.00938996963869431,0.0004513510194990474
7803381,0.007303283482338884,0.00028374750159249637
7803383,0.010215789395442699,0.00041605068463556824
7803384,0.004694104333331779,0.00024088893634659716
7803385,0.010942633607264725,0.00037320462998128727
7803392,0.009016645286828861,0.00034659276507116235
7803393,0.009323491883556925,0.0005164591221062423
7803394,0.00991980227492968,0.00033502141899743307
7803395,0.00801214208418969,0.00044857821785285786
7803397,0.011113050906002172,0.00045131599237273383
7803398,0.0120186906294839,0.00041724920509009233
7803399,0.010441382029166562,0.00046337719418429067
7803400,0.009365080283256248,0.0004905354359782652
7803401,0.008817379438092757,0.0004468774994049427
7803402,0.0069237971468828615,0.00026148707732697357
7803405,0.0096269886266673,0.00038527307864613176
7803406,0.010482233504179022,0.00032333244991842664
7803407,0.009674646835381282,0.00034226229360099597
7803408,0.008731793344399193,0.0002712845698368119
7803410,0.007360987800653675,0.00031737439681432336
7803413,0.009047376280650497,0.00047776864637232594
7803414,0.0075375574176287045,0.00030703005536640544
7803415,0.010454968859165092,0.00046192449324743574
7803417,0.008507884694525274,0.00045420656175794807
7803419,0.010181521168429753,0.0004279917098221755
7803420,0.009707828387545305,0.00045696965452351356
7803423,0.007401151173442486,0.0004176292028343853
7803426,0.00911461226701431,0.0004134302569880504
7803427,0.007370117571234004,0.000265556023819686
7803428,0.009397386924014426,0.00029027465672964195
7803429,0.008863909725216217,0.0003398416260581173
7803432,0.010559509699774936,0.00046090015181272877
7803433,0.008832097076025093,0.0003067970962070337
7803434,0.012224850485457864,0.0003946391002570466
7803435,0.006142853272751382,0.0003493534297770955
7803436,0.009380907203812967,0.0004273590439558799
7803437,0.008836955609032884,0.0003461761459495526
7803438,0.009985164116369561,0.0002950488083617695
7803439,0.010443880623337464,0.00033818009702990125
7803459,0.005798788063853862,0.0002564225757744793
7803461,0.009808302472971262,0.000346324830323366
7803463,0.005467554936258239,0.0002843478720335265
7803464,0.0070102144917182155,0.00029506946930002356
7803467,0.005673928516174783,0.00026437431308527575
7803471,0.007148898061350337,0.00039690901023032416
7803473,0.009663392812035454,0.000368985028992434
7803475,0.010262635407212657,0.00034252040358277567
7803476,0.008243060323795362,0.00037081034755605984
7803480,0.007070723339842516,0.00027213532903423466
7803481,0.00928925675265782,0.00038980058865675836
7803482,0.009717095172767585,0.0002946584589863173
7803483,0.007045921559882117,0.00037697053565836116
7803485,0.009169464607373811,0.00041983186264665014
7803486,0.010821162826759973,0.0004850030359178085
7803488,0.007499999302322976,0.00024976456932750623
7803489,0.011151714169780462,0.00042085533828252236
7803492,0.007798081865774293,0.0002581761085396094
7803495,0.008465337974048453,0.0004959849178973766
7803496,0.01085339745049714,0.0003876138623850805
7803497,0.010416738777159481,0.000399294418577348
7803499,0.007860330894589424,0.00033194953270113126
7803502,0.008895435411599465,0.0003293064791385048
7803503,0.008763060954523099,0.000316211842756861
7803504,0.010270607694459614,0.0003600814359139219
7803505,0.009732005953072076,0.0004564653859674105
7803506,0.01049476268363651,0.0003813321473617155
7803507,0.008854156658853753,0.00031805525507225
7803508,0.0077180011104792355,0.0003524376610186834
7803509,0.008269255650666309,0.0002833928818345313
7803510,0.008424460606242065,0.00036289600212228263
7803511,0.008634552716073813,0.0003157155058193098
7803513,0.010699781508476008,0.00036696446247133077
7803514,0.010944961463359505,0.00035649044275478135
7803516,0.008046916577688535,0.0004437744664899761
7803518,0.01176303689085762,0.00048330824159718546
7803519,0.007464147802376829,0.0003412917738938852
7803520,0.008299768218188546,0.00030045339429938427
7803521,0.006111178322567867,0.0002616302425342474
7803522,0.008801280406521074,0.0004351770394946321
7803523,0.011252170859133912,0.0005116366794316818
7803524,0.010912889672763413,0.0006161402237498027
7803526,0.007373897490673699,0.000437451454509002
7803528,0.009003417788801015,0.0003977059037713039
7803539,0.008426814361519064,0.00033188482857424845
7803540,0.012283372490812326,0.0004682687327657246
7803541,0.011004702582504251,0.00039125438600467246
7803542,0.00848690687144699,0.00034363178520012704
7803543,0.008262505750077252,0.0002659228420897074
7803544,0.007505042503587901,0.0004507169008765696
7803545,0.009778098863433116,0.00036613876192446906
7803546,0.009830930211144732,0.0003600048905570085
7803547,0.008605016220855759,0.00036685391548142504
7803548,0.008359432338067564,0.00036931245907402386
7803549,0.007112500053750409,0.000284594830813721
7803550,0.009268309383667656,0.00034630224965894374
7803554,0.004334343787864782,0.00026938081139011173
7803555,0.007030878413061146,0.00040185009270481364
7803556,0.009748579420265741,0.0004008298297419586
7803557,0.010111055197136011,0.000297182484275704
7803558,0.0071719642461685,0.00030803258270098167
7803559,0.005610201122151921,0.00023964587369129013
7803563,0.01068025110141025,0.0003499336857207868
7803566,0.010664601222932106,0.0003915039834112129
7803567,0.007500036342345993,0.0002811633899103557
7803568,0.010623583725318894,0.00037248198344804856
7803569,0.008032165234757485,0.00032986120006528143
7803570,0.008374400219225208,0.00030876003253583095
7803574,0.009725370742045925,0.00040879497634351204
7803575,0.007813572605344234,0.000393822216743224
7803578,0.011138244889603811,0.0004399175270901746
7803579,0.012420306638610781,0.0003939027248349217
7803580,0.011798008274956374,0.0005330019811882951
7803581,0.0067373542452405675,0.0004054703866832385
7803582,0.008685106185934273,0.0004092163249502996
7803584,0.013586106717819348,0.00048053537825929285
7803585,0.008418160354180144,0.00042856483000617727
7803586,0.010381266638825763,0.0003713549286828252
7803588,0.009367183964073775,0.0005377979514981111
7803595,0.009297975761684939,0.00047975599931101176
7803597,0.009013523859612177,0.0003631531884433399
7803598,0.005022682309005177,0.0002883875921778688
7803599,0.010837078328549979,0.00045393788611801367
7803600,0.009393703267545789,0.00030931641598418234
7803601,0.009442729985072219,0.0003057594705042204
7803602,0.010885449535096996,0.00043097986548790943
7803603,0.008688632802131906,0.00029526096275823207
7803604,0.005962371512396203,0.0002816402652531356
7803606,0.012107380893881782,0.00044195233992248465
7803607,0.009227032131526357,0.00044391595570140497
7803608,0.009789338904418401,0.00044248962805192894
7803611,0.008827344856079436,0.0003228233623083775
7803612,0.009274646430596476,0.00037308718299794186
7803613,0.007961128641734832,0.00043993067464925703
7803614,0.0071248351583417385,0.000261732284687947
7803616,0.007821750238537789,0.0003794844485460333
7803617,0.007344766990456265,0.0003767941728312593
7803618,0.007481021645849978,0.0003902265907748241
7803629,0.011152799633695394,0.0005517760023814299
7803634,0.007935023116195225,0.00032483705759763393
7803639,0.008011725282121915,0.0004266360853906201
7803641,0.008874540409844485,0.0004032902725342041
7803642,0.008604621929862333,0.0004033853730096802
7803644,0.006626255431176105,0.00037818745064822906
7803645,0.011156960821797839,0.0003660458406338699
7803648,0.00820335152374173,0.00033203520870864455
7803650,0.006999226516622002,0.00032962149332055156
7803652,0.0090652162184997,0.0004101792214991155
7803657,0.0076837906595610544,0.00047993710493393697
7803658,0.008399006466701393,0.00041084016371999713
7803659,0.011001623868447495,0.00034718284300170677
7803662,0.008499899024085607,0.00040693416854389533
7803663,0.010095362827883946,0.0003557026871739602
7803664,0.01244605312286876,0.0006289547960393864
7803665,0.00809592105470074,0.0003012402346422231
7803668,0.00892969450158489,0.0004317706439216283
7803679,0.008503081613700714,0.0003339818817764826
7803680,0.008382947417820105,0.00040888370693673704
7803683,0.007982992779347114,0.0004905697683066377
7803684,0.00587180155961687,0.00024922471715056824
7803685,0.009049286514695267,0.00037707345413445054
7803687,0.007379844195223996,0.0003266967897146153
7803689,0.007154923462847364,0.0002982671055837366
7803692,0.010407959159245365,0.0002962435424044861
7803693,0.010686374800228805,0.0005268284760544899
7803694,0.006367134017571516,0.0003173081655639987
7803709,0.007812467822455801,0.0003635365683229827
7803710,0.008647698726301315,0.0004180203376334069
7803711,0.009405783690453973,0.0003644320581685625
7803719,0.008670457502623321,0.0003026278845269816
7803720,0.008529553428903455,0.0005025720230360235
7803721,0.007416036239825189,0.0003360879739979216
7803725,0.010560525445791428,0.00032754096434325686
7803726,0.011041267056993093,0.00042543983381644797
7803728,0.011210063411243027,0.0004481698950980333
7803729,0.010592740162930568,0.00044711386427384733
7803730,0.007996817426756024,0.00036887022448323786
7803737,0.008635225121259282,0.0002514875923784274
7803738,0.008371262529381055,0.0003249366952201553
7803742,0.009205081902546226,0.00031362806160583115
7803747,0.007920603622449562,0.00037801000716408884
7803748,0.009551391813831288,0.00041593848724114644
7803750,0.010705839331065363,0.00047239697428394235
7803753,0.008062338345756872,0.0003557438214844966
7803758,0.00816966479847906,0.00027567151162726064
7803760,0.009787093870199897,0.0004063153953385721
7803761,0.007851731218244822,0.0004328884529329658
7803762,0.006115707208926324,0.00037864876791916124
7803763,0.0083610301886074,0.0003479088377416446
7803764,0.007922839571838267,0.0002994881610219022
7803765,0.00966253448678617,0.0004136847313196946
7803766,0.008975614873801533,0.0004190610356035424
7803767,0.008609060400427552,0.00034368515982194034
7803768,0.010527254944550805,0.00034349099059191845
7803776,0.011424931627945625,0.00032426455089567917
7803778,0.009118645953480154,0.0004086715048790247
7803779,0.008599752055612043,0.0003832903929646238
7803780,0.006330300343877752,0.0002750281942358812
7803784,0.007933775171200978,0.00038896001723539024
7803801,0.008728738720150432,0.0002762412122619275
7803804,0.006809520691153011,0.00024343752209040492
7803805,0.010881799794900872,0.00044137081440235134
7803808,0.010329315744214909,0.00036905531291518077
7803809,0.00842045611206413,0.0002903062994656874
7803813,0.005810050889616832,0.00024148578379592012
7803814,0.008677593427586543,0.0003926360292005091
7803816,0.009984329576698656,0.0005167779826521018
7803818,0.010159671133671508,0.0004049699627538668
7803820,0.009459335465871846,0.00043659987632781806
7803821,0.010540003884234466,0.0004424755550644337
7803827,0.006635387328300567,0.00024125567521505158
7803829,0.010643073175524478,0.00030670348201479046
7803839,0.009247680628672242,0.00037498375518046364
7803841,0.01090073065388424,0.0004970875738964928
7803849,0.010583079041593009,0.0004900007518697538
7803850,0.010930596130376216,0.00037834234202020663
7803852,0.009747515092485629,0.00041329241170767603
7803853,0.010113269148991093,0.0004593616556107712
7803856,0.008792158689579083,0.0003949436773436284
7803857,0.003695664325117832,0.00024178060514067979
7803858,0.0099455566007382,0.00041446374865222746
7803863,0.011151322050762247,0.0003209236726910218
7803873,0.006836123476998182,0.000569481899497927
7803890,0.010256948096939595,0.0003752036593658151
7803891,0.012066467658383772,0.000507438023301044
7803896,0.00848486455006423,0.0004171471194942507
7803900,0.005438478909043624,0.0002497709844425219
7803901,0.009778973137901631,0.0005069897776722004
7803904,0.009780414960463531,0.0003033737203797117
7803905,0.007551843360473868,0.0002691226449214203
7803906,0.009123270153286284,0.0003385093542171362
7803911,0.010563091347095906,0.0005979856574782858
7803914,0.006103556757516344,0.00028129847346979893
7803923,0.007094420521883876,0.00031042930932502613
7803932,0.009072664254948905,0.0003484749664878146
7803934,0.005462307163848891,0.00030046182644079733
7803938,0.01142786457987677,0.00037659709856676656
7803964,0.01163967563990991,0.0005356539461174353
7803966,0.00917472524002369,0.0003096539242727446
7803979,0.008404705930821365,0.00044041627779023185
7803981,0.008189476696396013,0.000280974701755366
7803982,0.006909651247347938,0.0003073477572974336
7803983,0.008424286253321043,0.00032849264435960685
7803984,0.009642804268303735,0.0003367530312010046
7803987,0.012465614370034019,0.0004004536688406803
7803989,0.007348085440740306,0.00031681118362438627
7803994,0.007063076071874093,0.00025465372118208766
7803995,0.010950518708428718,0.00045259398145609277
7803999,0.006223687640129356,0.0002870395641990115
7804002,0.008074640507504227,0.0004300451698229232
7804009,0.008861796317680273,0.00044552545869531703
7804013,0.0068847737367323135,0.0003768853098315339
7804015,0.008561514497327153,0.00037871386681598404
7804016,0.010080720893245599,0.00045111625606026267
7804030,0.007653957449678273,0.0002994917408052578
7804043,0.00779583558691229,0.0003057024477786666
7804053,0.004737424555485632,0.0002779833672745569
7804054,0.010296876667744072,0.00044082479009110954
7804059,0.009600854425909347,0.0003796854771925428
7804067,0.009751133072015365,0.0004550745122836872
7804079,0.010194451912946533,0.00046075962153335173
7804081,0.00933073303031415,0.00045588505959838233
7804084,0.007197135135873395,0.0003778057808914429
7804086,0.00734046133294305,0.00041641605174940675
7804087,0.007687610478118586,0.00041515959355033444
7804092,0.00857089636134333,0.0004398511041910492
7804129,0.00842566434956825,0.00033304052435321574
7804142,0.008602761613889015,0.0003290044226391716
7804150,0.010110427125298884,0.0003508666663519133
7804151,0.006758915682657971,0.00027790693667834477
7804165,0.010705684102256783,0.00044216805366064645
7804173,0.003327336655620684,0.0002512160391114828
7804182,0.007421707913876162,0.0003326771672804233
7804191,0.011945280018873745,0.00046688912387566305
7804238,0.007047433545274544,0.0004362066447818559
7804325,0.01001341170835076,0.0003094407968218009
7804432,0.009989847823308083,0.0004706917787515957
7804446,0.00849369600762293,0.0004862047009094024
7804467,0.008479885858105263,0.0004408932134807393
7804484,0.007182081003658823,0.0003255725926556892
7804488,0.009284266448725247,0.000307628177337974
7804493,0.009365035923845426,0.00035018617629172134
7804496,0.008604725838358718,0.00033217618669845487
7804561,0.009736670962694916,0.000322293166644992
7804874,0.01007678921816114,0.00038645676256863164
7804885,0.007763495983046596,0.0003385634977333668
7804943,0.006746895941985713,0.000334795828964449
7804958,0.008611200659106543,0.0004169343312767413
7804970,0.009897947740610107,0.0003736151870573593
7804987,0.009242407606681808,0.00040844546814659593
7805071,0.0074319549823994744,0.0002781669683630548
7805169,0.009678830978300539,0.00036143242034864106
7805256,0.009723519681065227,0.0003944364396753839
7805390,0.006853356648811313,0.00024900650179369624
7805391,0.006315211746165005,0.00027670571952565886
7805394,0.011890205453615636,0.00043883839458763474
7805395,0.008703827052908309,0.0004079213512364895
7805397,0.006883147221207764,0.00026710408814190826
7805402,0.00863647904212121,0.00040198086697769945
7805404,0.009118261973577318,0.0004614465886101342
7805405,0.013016831370361614,0.0006059660576518274
7805406,0.011050243309073267,0.0004990365612647233
7805410,0.006207573897569091,0.00031840189165833804
7805411,0.005546898742686608,0.0002516182221222134
7805412,0.008577228226429725,0.00035705120695675625
7805413,0.00523909036477562,0.00025900988587535206
7805418,0.010734624707489274,0.0003123853149963689
7805421,0.010793356517169742,0.0005672584740222059
7805422,0.00740161128420732,0.000340885046590848
7805441,0.006892622509112698,0.00024298340362573115
7805444,0.006782570722163655,0.00024198787496739065
7805445,0.0073289320655312625,0.0003846682237767379
7805468,0.014498716905887705,0.0005138494532160384
7805469,0.00912426615934237,0.0003438877139370595
7805470,0.006818110102707578,0.0004335824449048646
7805471,0.008033530409276863,0.00026411067697100905
7805478,0.010058440907858313,0.00032958744813338164
7805489,0.009373624507388741,0.0003065701070914578
7805492,0.006887824382429244,0.0003974670083033084
7805497,0.010184082766063512,0.0003370262572467967
7805499,0.009642071154194127,0.00029410846883968616
7805500,0.00800820994667447,0.0002712206603741765
7805511,0.009497243502817582,0.0004576907421766598
7805513,0.008609230149711948,0.00036930609544376494
7805515,0.007514309125213913,0.00043141478011064603
7805517,0.00872500181372743,0.0004601023785613159
7805539,0.008755708831602533,0.00047744774355579694
7805541,0.006589445068791974,0.0002806124382360095
7805542,0.00890053414830254,0.00028546131723805216
7805544,0.008651058734030811,0.00030344950792653684
7805545,0.009511110794715933,0.0004318026330797498
7805547,0.007828926395712187,0.00037667098242116537
7805554,0.012564560134218482,0.00036998910673741886
7805555,0.010014230690561817,0.0003802978942685958
7805556,0.005837478565052152,0.0002453164180592036
7805560,0.006513838898506947,0.00026922045997481234
7805562,0.010335498135382294,0.00031576842676776443
7805563,0.008863833106475795,0.0003407916455346362
7805595,0.009301665103295819,0.00037745241196423585
7805597,0.009827242634142749,0.0005801159253521408
7805605,0.008638125838100677,0.0003760358375093527
7805606,0.0077607951485260855,0.00041119527630318383
7805610,0.005753940625403629,0.00037334109548270493
7805614,0.007381505330500659,0.00026859502965238867
7805629,0.009779893252671172,0.000371749724982131
7805630,0.009292701076592493,0.0003324247917852369
7805635,0.009519024767949304,0.0004509107192485098
7805636,0.007318746605276829,0.000408581102313658
7805645,0.010717959356763458,0.00043591226838225283
7805649,0.009451996948922898,0.00031222294695144984
7805651,0.008825492570744246,0.0003041317023882874
7805652,0.009851575299311662,0.0005957191137205384
7805656,0.009415966148266307,0.00031638412775510566
7805659,0.009507973302534082,0.00034481549426617996
7805660,0.009684656954268575,0.00030127302748053083
7805661,0.009529173788963816,0.0003600847046369876
7805666,0.008095277737185824,0.00033877715291950276
7805670,0.00992691593732161,0.0003930528698994796
7805671,0.0029779831059859136,0.0002269301689017992
7805672,0.011508400677557802,0.0003218318451503774
7805675,0.009128812906470557,0.0003567292818923545
7805676,0.009932306773182064,0.0004816494743122612
7805679,0.005107093084676308,0.0002919819696884619
7805680,0.006620690817857394,0.00023605087583461094
7805681,0.00800386781841371,0.00020121136376018633
7805684,0.007769266480579972,0.000504649774712218
7805685,0.01077701790962783,0.0004987310790468457
7805686,0.00886014799863915,0.0003186828912086482
7805690,0.006057534387451597,0.000286100817176739
7805693,0.008601424757689529,0.0003555035013467931
7805695,0.00929673656958039,0.00034235245584409574
7805703,0.009720388911227928,0.0004345547029002471
7805719,0.0071699523912393485,0.00029743420225882943
7805720,0.007721575492410921,0.00027526955261827587
7805724,0.008295595143514219,0.00024083596398702967
7805728,0.010544481645833003,0.0004994419671596241
7805730,0.011181241383776068,0.00033874894865173674
7805731,0.007822103408980183,0.00032011700710612274
7805732,0.00966163793153828,0.00041575398765272213
7805737,0.007915731007284195,0.0003103622850662967
7805738,0.008735238248627866,0.0002897416212140834
7805740,0.00925021488414859,0.00034993997578318045
7805741,0.00798116802968434,0.0005051811738014903
7805743,0.008677038195251953,0.00036766396047850506
7805748,0.008427596127228753,0.00033023449077718066
7805750,0.005810061244323151,0.00028888840631570824
7805752,0.008928101223420526,0.0004044170383062575
7805753,0.00965860435169452,0.0004520557347524977
7805757,0.012389089611031523,0.00044667101128337787
7805759,0.008718988520922722,0.0005278832712035399
7805762,0.012644586306880229,0.0005086467139180027
7805767,0.00887086531209934,0.00043533779357540325
7805770,0.005480568901456536,0.0003079566125446057
7805772,0.00994078723777784,0.0005429074144755872
7805774,0.005045773505324177,0.0002354142523234996
7805776,0.009948413056670689,0.0004341714714128017
7805778,0.010424030008813133,0.000307312295113502
7805780,0.008064374741225037,0.00026115587715634973
7805781,0.006968724710794049,0.00025810401367366213
7805783,0.007517234590064618,0.0002888038443767727
7805784,0.008500261473185673,0.000296897004897258
7805785,0.010099670423282078,0.00031732219178750307
7805786,0.009897426205687225,0.00039860664370503987
7805787,0.008532531312986976,0.000363956337936101
7805799,0.010582655448633887,0.0004573279238466778
7805802,0.007032845913228811,0.0002499787014483575
7805804,0.009059013646932726,0.00023724110395627107
7805805,0.005452956863766303,0.0002565996162896986
7805809,0.010413409210770623,0.0005468260383284907
7805811,0.006326503845572006,0.00027469449256515346
7805815,0.008962856159181683,0.00044416588661714776
7805819,0.010297937895244105,0.00028707720745796097
7805820,0.010747051438622294,0.0003769229495788959
7805823,0.009980332846360398,0.00033033639484594194
7805826,0.010486904666337069,0.00031857463402884686
7805833,0.010785159325831045,0.0003079685384602439
7805838,0.011118276423876522,0.00047730565371681747
7805861,0.010460150272177999,0.00045300136561871626
7805865,0.009763748030702117,0.0004939668648850507
7805866,0.010307531459417077,0.00037766290058322065
7805868,0.010226535728332237,0.0003362185503814064
7805870,0.014819727259600768,0.0005792921517064022
7805890,0.009582217978255357,0.0003377156627587283
7805893,0.00875557506713085,0.00042048879050310536
7805896,0.007326160664259077,0.00028004004223116736
7805897,0.010127183641976444,0.0006369781540424086
7805899,0.008360886033522547,0.0003208904845957018
7805900,0.006653710496291751,0.0002997957526125134
7805901,0.005031436721939827,0.0002409506130523321
7805903,0.009253855453644065,0.00030561218348799544
7805904,0.00819716290611541,0.0002550185463932975
7805911,0.006319613635685528,0.0002783088487228272
7805912,0.011615289109904552,0.0003268146459617198
7805914,0.009111955283078715,0.0004236378200981103
7805916,0.011285265052338218,0.0003857948367416274
7805917,0.007080385823232064,0.0002708165110320759
7805919,0.009319386506584124,0.00047797348326132535
7805920,0.009239251590573986,0.0002553723575188723
7805922,0.009815422778454376,0.0004185438707595282
7805924,0.009517465960088884,0.00048067918206034507
7805925,0.008176903222512919,0.0003207432844999752
7805926,0.009910151391290128,0.00032887523047044867
7805928,0.00660646965703927,0.00030137400875800217
7805931,0.012196630818332778,0.0004914060402658038
7805936,0.009576547766831936,0.00037475124438553974
7805937,0.007357037540190504,0.00034127121357704134
7805938,0.0075953106631459376,0.00027579997152005925
7805941,0.011108268754993333,0.0003413466064072714
7805942,0.007492945078760385,0.0003150206190290033
7805945,0.012627610838011605,0.0005142033973314213
7805946,0.010788040848845413,0.000415855442068568
7805947,0.006007623507764947,0.0002543490845519084
7805955,0.008019090842633886,0.00028771224152264365
7805956,0.009396481114497875,0.00035873812125868283
7805957,0.009189035282761325,0.0004090100542325546
7805965,0.007613248494686559,0.0003825684027027142
7805966,0.007808956877153833,0.0002768903081352763
7805991,0.009764390130758329,0.00030295633601406987
7805996,0.007943584648644902,0.00030297949774804535
7805999,0.00946981964126462,0.0004911987584027833
7806001,0.009025149088847684,0.0002704533925234978
7806003,0.012654738840967183,0.0004367476165908223
7806004,0.009625307564750983,0.00047927911002034515
7806016,0.009613919234412606,0.0002843545318935588
7806020,0.008617228877163144,0.0003126030698574076
7806022,0.009750692674817402,0.00042401779835395554
7806026,0.009008473329544358,0.0003001415709852137
7806029,0.008223137692264572,0.00040554444602900115
7806032,0.008251704907321255,0.0004467969648667358
7806034,0.009691090934618842,0.00038448080573972714
7806035,0.010206453236096423,0.0004264831426984689
7806037,0.007910740368490224,0.00041565190565253664
7806048,0.008317512715380872,0.00031717374370486643
7806049,0.008703584537957795,0.0005669567048776222
7806050,0.008465605327030062,0.00027396102891295924
7806052,0.008666804667867836,0.0002612680187945005
7806054,0.008406878014080575,0.0003481617740941655
7806056,0.009158469717483967,0.0004184728580403333
7806057,0.008119027232118242,0.00038759020509386517
7806059,0.009391111908160383,0.00040026347419136753
7806060,0.010243848873768002,0.0003806304582404662
7806062,0.009415283143927809,0.0003346983983630585
7806065,0.01092220023842674,0.0005145884805239901
7806081,0.0054940077488281535,0.00036076761773397
7806083,0.010517272258846787,0.00045968428723026504
7806086,0.006311820615635952,0.00034991521703238855
7806087,0.009349600877962076,0.0004063890274276859
7806089,0.010011980523820966,0.0003867630352570011
7806091,0.007857634883999707,0.00027688433044460384
7806098,0.007723383663014829,0.00025079188460420737
7806099,0.010282557793274463,0.00039200883218874533
7806100,0.0054654238996372445,0.00023372598331252773
7806101,0.006718652952491538,0.0002216079766858079
7806103,0.008043431589692772,0.00026362766775470695
7806105,0.004692690527706872,0.00024498281596119985
7806107,0.010031368147407193,0.0002731046433003252
7806116,0.008871720154413197,0.0003617895309823089
7806117,0.009404530010244343,0.0003634134484607704
7806119,0.008802880545292283,0.00034933610486478683
7806120,0.008154575447493699,0.0003421293593041747
7806122,0.00940832505832077,0.00046655923648547553
7806124,0.012296854709482432,0.00046644935750215686
7806125,0.007952475732701714,0.00030002623587942976
7806126,0.007235624841545359,0.0003330138611224542
7806127,0.008752694803610211,0.0003083619587954898
7806128,0.009111675245942023,0.00032214123970250754
7806130,0.00807141070146372,0.00037967551524845805
7806131,0.0120515905701468,0.00037651306148155686
7806149,0.006878796022894676,0.00023065911099642904
7806150,0.011988523007305048,0.00034230999968683153
7806151,0.008750286619262625,0.0003140129527899304
7806153,0.005856748951351619,0.0002599557764051248
7806171,0.003559217312646069,0.00024523056561375807
7806172,0.009776646471054846,0.0003076918883342
7806173,0.00986306542804232,0.0003763331997218803
7806174,0.00956078049009011,0.00030318843854036746
7806176,0.008233357403310947,0.0003862947186597332
7806178,0.010510772915513372,0.00047928551969642037
7806181,0.009831757173655205,0.000311298741275604
7806182,0.005694661517009081,0.00032800476500160895
7806186,0.004533073009537474,0.00022749155486759414
7806190,0.010117052686047828,0.0003655029434958337
7806192,0.010387322784008574,0.0003756557275948711
7806195,0.008375280710228254,0.00029793584057643993
7806196,0.010070869774790481,0.0004319938184124454
7806197,0.006380602564946458,0.0001859740043763917
7806198,0.009988083432792337,0.0004102682939458444
7806204,0.009102841573650948,0.0003894755013693884
7806206,0.009042674134172557,0.0002939034613863685
7806213,0.0077942358358122875,0.00024244517821040567
7806215,0.009540158699615858,0.0005470295305654786
7806216,0.011124278936884367,0.0004118437030609043
7806218,0.007115406893542967,0.0003200544936525638
7806221,0.009913553054778276,0.00041839354051177214
7806227,0.007354987062455621,0.00039090981968875583
7806228,0.010200962085611536,0.00038986115223520223
7806230,0.008158782514561608,0.0002978658252160259
7806232,0.0077347478294104806,0.0002819215102451003
7806234,0.008089006340291235,0.0004422387416775135
7806235,0.010022735749218555,0.000367131981590858
7806250,0.0052920902074474726,0.00022604825637607436
7806251,0.005557696693693288,0.00033321472752483126
7806255,0.00961017762789561,0.0003940328118371021
7806256,0.007949770952545804,0.0003841527782317361
7806257,0.008274608461608296,0.00041546931181843497
7806262,0.009336248047755362,0.00039574701353259524
7806263,0.009145738486462506,0.0002993245937659745
7806265,0.009924894722003955,0.0004942704199999635
7806268,0.00860791395537126,0.000344400224010659
7806270,0.010133874416518666,0.00024972353918610026
7806277,0.008456611823596177,0.00036900067602550903
7806281,0.011359979746543104,0.0004799311936339837
7806286,0.01153415967096953,0.0004075982405251677
7806288,0.010692845476354705,0.00036939343722789937
7806291,0.009234419607266318,0.00039227561670081745
7806292,0.009659719217048404,0.0003488394594932266
7806293,0.010569778513192431,0.0003929034681030943
7806298,0.007404429232788971,0.0003107544424622594
7806307,0.01170625450746229,0.00042605000706757675
7806309,0.009035963687478216,0.0003701023811256774
7806311,0.007382859937799367,0.000303953265078333
7806314,0.013051072156085865,0.00033557575854993306
7806315,0.011201821790396934,0.0005378242202234801
7806316,0.010690112823358505,0.00036900819486866503
7806320,0.013159115904993086,0.0005238505404907775
7806345,0.012827554184284964,0.0004625678740642464
7806348,0.012002232971513876,0.0004935210824484928
7806351,0.008872163400505088,0.0003025176802176564
7806355,0.011947063868195983,0.00037405444988152404
7806383,0.006313410138522158,0.00026185002165092166
7806386,0.008784482976945583,0.0004442732420878184
7806390,0.01187789322279059,0.0004605627343181196
7806391,0.0109458523986832,0.00045996489150889507
7806392,0.0085310456987645,0.0003089730535395289
7806396,0.012687534023658372,0.0006450601918141304
7806400,0.010704932995573471,0.00043692860933331184
7806403,0.012695871178293601,0.0005030816867642067
7806433,0.010260435599950142,0.00045252592254466973
7806439,0.010609512474853545,0.00037443510088638866
7806448,0.00967291556555574,0.0003532917342681245
7806459,0.008700476238853299,0.00038041788801960536
7806463,0.00902316667870764,0.0004671902477881343
7806465,0.009619991200554068,0.0004309829206192078
7806470,0.004342851002511452,0.00022847365857311616
7806471,0.011694428629911272,0.00031101368473457016
7806472,0.011998480437934632,0.0005286126994948742
7806474,0.007730960986948048,0.0003329814118118903
7806476,0.0069910355271422305,0.0003684688644757786
7806481,0.011859250275461818,0.0003486159264132384
7806482,0.009841416848499648,0.0004022335939405915
7806512,0.011676513264115783,0.0003938534770128613
7806515,0.007656981414358597,0.00032909552331844804
7806519,0.012589621261278808,0.0005731684148332583
7806521,0.010519852377503412,0.0004051523886032541
7806526,0.008040289512267918,0.00029555916622609174
7806528,0.008559333138029614,0.00039003978114333275
7806529,0.010329040600234294,0.00038681285263021686
7806533,0.009855302431817108,0.0002831062437092219
7806542,0.008857321759911429,0.00041348329569034935
7806560,0.008287083232826262,0.00038885270078956475
7806564,0.011176200568879722,0.0003531062037778789
7806571,0.0077282795002392955,0.00040433709582006217
7806577,0.010125435153575382,0.0003127093740777635
7806579,0.009127842468242307,0.00038808860908631635
7806591,0.010705257934707333,0.0004086167097260817
7806596,0.006934611114818835,0.00025871190094550354
7806600,0.008692087016141159,0.0002683640174645493
7806601,0.006992928672165362,0.00041128641927463765
7806605,0.010013005362416151,0.00034513361292668853
7806608,0.008885837382258614,0.0003701811503608781
7806610,0.007233044906926807,0.0003343881024698899
7806612,0.00613661131092158,0.00029063449595202235
7806614,0.010767651172303886,0.0003350027344467103
7806615,0.008992361637327122,0.00041813211030406714
7806622,0.011651643437046005,0.0004247727826545228
7806624,0.008343399921606761,0.0003147159281036704
7806625,0.006356990523869172,0.0003755498122851516
7806632,0.0076351608217519245,0.0004105829167931361
7806642,0.004321051780105336,0.0003394225790082261
7806644,0.00661030444627977,0.00029329644177735506
7806646,0.00820815803349251,0.0003014903509432316
7806647,0.007622242537458078,0.00031437012876657326
7806650,0.01118620488711167,0.0006453551847792521
7806656,0.010849193860245578,0.0003022253966958806
7806660,0.010146634934071698,0.00031762475300089815
7806665,0.008369971329535474,0.0003790309013956124
7806668,0.00903570735664107,0.0004768682551183379
7806670,0.01204490013114264,0.0005227662040060211
7806675,0.007419072086689993,0.000298035198408924
7806701,0.003919477570045273,0.0002727992309779987
7806703,0.007904308534576557,0.00032247796601670364
7806731,0.009114341209482518,0.0003145139482828524
7806738,0.01158906334398489,0.0003405493190550916
7806744,0.009996124367331504,0.0002786144065870828
7806745,0.00961051666977437,0.0003802235354905913
7806751,0.00948347409319831,0.00026600634766366305
7806760,0.011584097199782263,0.00052327161735696
7806761,0.008756355819008604,0.00029341119135169186
7806762,0.010127117873111274,0.00036521622013700657
7806764,0.0043644207321922295,0.00030343247208679854
7806770,0.007762713005620753,0.0003168118325919063
7806774,0.00842448634882021,0.0002548127376672075
7806779,0.008364044133166318,0.0003576311018860177
7806814,0.009724851374077843,0.0003438987242973425
7806815,0.007876500352536822,0.0002734631377894624
7806817,0.00860935572492599,0.00036390292895664754
7806825,0.007241698746045586,0.00026462639949207826
7806836,0.010440959543484497,0.0003426669921379119
7806839,0.011985739112627925,0.00037019401802190804
7806893,0.011195600445615128,0.00042282533508889087
7806900,0.009346041189099196,0.00037813766586811896
7806901,0.013286937791832315,0.000451432900270585
7806915,0.009018461085470336,0.00026078078849732777
7807049,0.007512771063993569,0.0002993092903724506
7807058,0.009038431846893218,0.00028300488053630625
7807124,0.010230420740699629,0.00039806718184409945
7807126,0.009034539383341325,0.0003268965272173078
7807147,0.011529368892050116,0.0002881850264601853
7807308,0.008691604724910576,0.0003197237412970791
7807352,0.007198123506306729,0.00025319614006260054
7807609,0.009239736103409087,0.0003192432712180283
7807654,0.005363041886517749,0.00024955739218614545
7807985,0.008996871436800575,0.00029391550470856255
7807987,0.008641468045287183,0.0003049353045593489
7807991,0.007202120281035605,0.00029416891869306247
7807993,0.007843285666851444,0.00028842509582032035
7808000,0.008793548109446419,0.00028910739562171354
7808009,0.009018652791557542,0.00041015302452928167
7808011,0.008694461085222429,0.00048444573367622504
7808013,0.008385729777961388,0.00039249328148583003
7808014,0.011000953089998803,0.0003937385672905594
7808015,0.010770096474472666,0.00044269538687119806
7808018,0.007947014671051874,0.00042173986480702473
7808022,0.011770484647277044,0.00039516238825017404
7808023,0.010474146023392677,0.0005397284294786861
7808024,0.010505389273748732,0.0005588663955245038
7808026,0.009130983608745737,0.00035965425887034464
7808027,0.009096624535566662,0.00029139432157266487
7808034,0.008986787330650258,0.0003579182577785769
7808037,0.009922154760686681,0.0003931151041055207
7808038,0.007293035973605583,0.0003262761025451642
7808057,0.008840693613004987,0.0003342315548789601
7808061,0.01065749031046289,0.0003129410505775887
7808062,0.007730867387144826,0.00029102172771179434
7808069,0.009833827405353077,0.0003057189766943018
7808071,0.010790530261525419,0.0003962113021244986
7808073,0.008075647433870473,0.00035589669034618974
7808074,0.007314704791177064,0.0003190403616353944
7808075,0.005029976176156197,0.00028114517733958004
7808079,0.00720711184758693,0.00032283192880560674
7808080,0.006084467295731883,0.00046288880864303595
7808081,0.0059694946298841384,0.00024421901569870075
7808083,0.0077828377633704805,0.0003432446300214831
7808084,0.006874807341126143,0.0003307090887441376
7808085,0.007483095300616697,0.00035541031682371035
7808086,0.007295777081832057,0.000301590142319808
7808087,0.009007629794272361,0.00032899518430589867
7808088,0.00957689767307602,0.0003317116226712721
7808105,0.008611822197010042,0.00032126078398152306
7808106,0.006129200883297017,0.00034230525825692815
7808107,0.005998579895793227,0.0003864458638891683
7808111,0.00806851992249358,0.00037356266835804726
7808112,0.006730713869299507,0.00036690590593516385
7808121,0.006850455422652885,0.00043022607600413676
7808122,0.00636931759910658,0.0004933980381146475
7808123,0.008369923965656199,0.00043637574980160245
7808124,0.005972068911651149,0.00038286795473060377
7808126,0.0065182973194459915,0.0003870485602990099
7808129,0.00619494318132638,0.0003692773232933977
7808130,0.008439442207076354,0.00036016926219315014
7808131,0.007332770422435715,0.00045713197964531934
7808133,0.006402975484204944,0.0004599359111860436
7808135,0.005281825569050852,0.0003464103553538114
7808136,0.006773678145371377,0.0004197309859879708
7808154,0.009152445008396171,0.0004200550417924743
7808155,0.008331759691627668,0.0003609389544529729
7808160,0.007294754703441868,0.0003927109716853051
7808162,0.007320112474255438,0.0002808595800188246
7808169,0.00836616041630623,0.0003851253799349467
7808170,0.008718647507077548,0.00040956861288740686
7808172,0.009749298913578968,0.00044848142582664806
7808173,0.0086619178668916,0.0005071802853377394
7808175,0.008915750023195869,0.0004351351684257717
7808176,0.008805267930496484,0.00041173656365451656
7808178,0.012138036256132181,0.0005108387554024278
7808179,0.008905273014126578,0.0004565403757662323
7808180,0.008557279647531685,0.0003920288649559205
7808181,0.0081107684847957,0.00043501217059266145
7808184,0.008563939808540453,0.00037896171987144824
7808207,0.008206376988033299,0.00039843361921312393
7808214,0.005983197682711761,0.00029880346726307176
7808215,0.006172474613063968,0.0003770766902171783
7808216,0.008304241971229203,0.0004611064275438069
7808217,0.006575240251026116,0.0002897509049308541
7808218,0.007784166628785897,0.0002882696863198687
7808219,0.005069658953230828,0.00031429650271473517
7808223,0.00676523892764817,0.0003145292738436671
7808224,0.006523114740441088,0.00028038708960623253
7808225,0.007519228645294788,0.0003356987599327229
7808226,0.008203881802342949,0.0003697506481173309
7808227,0.009008412487135502,0.0003495823201965797
7808228,0.00832793206414499,0.0003154417331190728
7808229,0.007373157500580419,0.0002953542448559212
7808230,0.005129660651662562,0.00030133822421884933
7808231,0.006945709853855078,0.00030856912809046566
7808249,0.008427228577420464,0.00039237713610022675
7808250,0.005992216831451515,0.00039630464270444944
7808251,0.0075500691822962835,0.00031876197514194265
7808252,0.005883968166395789,0.000409719330629775
7808255,0.007062053401212324,0.00039529617481729595
7808256,0.007040810260106809,0.0004401650803343812
7808259,0.00532368106735521,0.00034852150253039487
7808260,0.003124342862472986,0.0003036499786486373
7808263,0.006865206151327584,0.0003445541662988007
7808264,0.006060727953590686,0.0004514014219585926
7808265,0.0077141293558306645,0.0003315489062680581
7808267,0.004114381923172914,0.00024696514097923933
7808268,0.0068123529070726364,0.0002995039093607418
7808270,0.005722636648242769,0.00027416448605761346
7808271,0.009309383789302956,0.00033494760167065665
7808272,0.008425039133027895,0.00028612356622570526
7808273,0.01008431677040062,0.00031894644600073425
7808276,0.007856949645502027,0.0002953848431490715
7808277,0.008156361319117423,0.00032462992024928395
7808305,0.007776321968063712,0.0002938275775195092
7808308,0.0076203507752361475,0.00027884140350051354
7808309,0.009203708276836552,0.00032367294901328045
7808317,0.010213603655422048,0.00031884730122953435
7808319,0.0069765337602875665,0.00027197385880374807
7808322,0.007702843399049016,0.0002839573861820815
7808345,0.006523576042673085,0.0004430952555373672
7808347,0.007122983618581202,0.0005105390601167142
7808348,0.007105200779682491,0.0004717707506113753
7808349,0.007678109454922378,0.00042272871124994835
7808350,0.007221137188491412,0.0005186783117693659
7808351,0.009131952689218452,0.0005709895219723023
7808353,0.007734507674314954,0.0005924149820192159
7808356,0.006837025043190806,0.00035155085736429074
7808357,0.007081854015297722,0.0004544907007144777
7808358,0.00784571194605087,0.000384791926358533
7808359,0.007432074744909187,0.00042113336240953713
7808361,0.008297439990055864,0.0003390796544741415
7808362,0.010392996258800849,0.0003360232774561013
7808365,0.008495998305385001,0.00029168201512185616
7808366,0.008927543057565344,0.000293993357604719
7808367,0.009044888501099194,0.00034782043153394826
7808369,0.008880802847117593,0.0003387100492021706
7808371,0.00664282569187344,0.0003548400115191259
7808372,0.008155545120564057,0.00028969275750100813
7808373,0.010368918880889396,0.0003424269824851398
7808376,0.009345521872110112,0.00038785458694135064
7808394,0.00912041351122025,0.0003502886172088651
7808396,0.009590838329851976,0.0003959894644266082
7808397,0.007812575455216575,0.00033732039296867003
7808399,0.008043646315723891,0.0003239823003901222
7808404,0.007823576197377407,0.0003058270825754459
7808409,0.007849347381470579,0.0002500582919596164
7808411,0.006910965131643024,0.00024170695565191435
7808412,0.008800455016255,0.00032410516266450897
7808414,0.004220152912639605,0.0002726049771412102
7808415,0.007105052320088362,0.0002848750151568642
7808420,0.010293166975319764,0.00031406279876694044
7808423,0.008940165497770068,0.00030748816490626016
7808441,0.006985151513756137,0.0003667403432300365
7808442,0.00883994201799942,0.0003322785951956309
7808454,0.005594353670618148,0.00042255981342664525
7808455,0.00831055142756668,0.0005489358665791114
7808457,0.00853727995666486,0.00034474230591436615
7808459,0.010856680068063724,0.00031590995158274247
7808469,0.009873672236455605,0.00032195868268274666
7808472,0.009291487991053145,0.00028365159838521513
7808489,0.011251818381235353,0.00046471463776070923
7808490,0.007615179635642562,0.0003871206941664807
7808491,0.01168066616339638,0.0005439900860437648
7808492,0.008347810513863806,0.00038401799365224827
7808493,0.009555846949515398,0.0003665874607578832
7808495,0.009595992032765935,0.0004692441408915283
7808496,0.006248169216210954,0.00036550494968045586
7808497,0.006951329798670486,0.0003134188069458232
7808498,0.007687235582241556,0.0003144282021280925
7808499,0.00636810314039758,0.0002995913347128469
7808500,0.006274425017414614,0.0003221317843875229
7808502,0.005142304814153249,0.00025091908364997584
7808503,0.007000185160111869,0.00034497220965251093
7808504,0.007009428997698706,0.00032040569319865354
7808508,0.007459831602725899,0.00044865266573314533
7808509,0.011489543187140953,0.000538558502803233
7808513,0.008653601260390133,0.0004961162662747449
7808514,0.005243376767350128,0.00036708288628702735
7808515,0.0034792006915376986,0.00022386374644493918
7808517,0.007109291509463219,0.00044141059589186763
7808518,0.008574331426643766,0.00048316031614752136
7808519,0.010367101045703748,0.0005163257400600142
7808520,0.009991806915604685,0.0006593903141848409
7808521,0.0063115720958085144,0.00030365319166941117
7808529,0.006504978636228771,0.0003713037305049884
7808530,0.008961521797709792,0.00040407195699583944
7808537,0.008789207757043187,0.0003862771867024968
7808538,0.008843338846447295,0.00033394410972714125
7808539,0.00722612260041933,0.00034929081260144174
7808540,0.008635791832464747,0.00038993329607588226
7808541,0.00895732620250783,0.00039649913481843753
7808542,0.007587092616042355,0.0003622473226973851
7808543,0.009877837850915967,0.00037957784296681866
7808544,0.010233987122541293,0.00040716101102133284
7808546,0.006062332902249182,0.0003210091729214162
7808547,0.009633333275152835,0.0003567722220238427
7808548,0.007943125663427053,0.00033685603016094575
7808550,0.007299344710831065,0.0003373180945565268
7808552,0.0071982214263043715,0.00026155678365777715
7808553,0.007994033944851254,0.00039859482743440273
7808554,0.005921249425824499,0.00030208133711693837
7808555,0.006502833139733411,0.0003472550020503646
7808557,0.007759959009068553,0.000384398205045502
7808558,0.007088049389887601,0.0003656610003158453
7808560,0.0060256433504109735,0.0003418579887745824
7808561,0.008518535987997893,0.0003638773678533048
7808562,0.0062786086034902835,0.00041555602259912123
7808564,0.00677518796781078,0.000377126778244818
7808565,0.009859172162192408,0.0003958605649162593
7808568,0.0059702388091973264,0.0003093941779152685
7808587,0.009930204675722053,0.00044033386890132383
7808588,0.008977252551136189,0.0002866469241674338
7808591,0.0103505453047037,0.0004828544294278928
7808592,0.006526896181545453,0.0003113818249358773
7808596,0.010528926440980286,0.0004237961773345261
7808604,0.007309636083926307,0.0002749255761216962
7808605,0.009608561337496211,0.00034473852216104377
7808606,0.008355754429161607,0.0003248288150010432
7808608,0.009551460291659169,0.0002971360635768356
7808609,0.009875904485488718,0.00028281057497266934
7808610,0.007599650824282435,0.0002647516750177786
7808611,0.011450684979616198,0.00034254146428121127
7808612,0.007561915149282868,0.00026046023737378763
7808613,0.0089081039486191,0.0002695732962239055
7808614,0.01173543007519038,0.0003324185760286894
7808616,0.009887929684016854,0.00031682773554390345
7808633,0.009159445462020813,0.0003092317485581527
7808638,0.00788269771627165,0.0002945621649591536
7808649,0.008454003688297235,0.0004499937828512666
7808650,0.008009258043355658,0.00024048475666550164
7808651,0.008784754156484269,0.00048391489247528655
7808653,0.008238162520341576,0.0003435771791420128
7808654,0.00847491066747898,0.00032124666635729906
7808656,0.006525163126992993,0.00039833802447547257
7808657,0.007787339958915254,0.00038884279756267034
7808658,0.006628806642955169,0.00037998525380607224
7808659,0.008785575549758505,0.00048509612522276485
7808660,0.007714144031051546,0.0005048849555398984
7808661,0.007215324567339849,0.00044517686372775033
7808662,0.00782069936505286,0.0004219409736363961
7808664,0.008719803912885253,0.00038454294678838254
7808665,0.010455110527720536,0.000460758468474242
7808666,0.003750645409003482,0.00025297788790756517
7808667,0.007770447251183214,0.00037003004224805725
7808668,0.009708416430290526,0.0004628175206332532
7808669,0.01083401649181178,0.0004432666552947456
7808670,0.007741506668535294,0.00038641517816834746
7808671,0.008102820874832104,0.00042629568116582235
7808672,0.006337835918551718,0.0002951236035558039
7808673,0.008963868167251348,0.0004070868292207909
7808674,0.007589365128806094,0.0003862221749572153
7808677,0.009928036405937746,0.00036916726052085505
7808678,0.006433689056604635,0.0003372388122664417
7808679,0.00889135807349112,0.00031197775059065106
7808680,0.010359472347961855,0.0004027921947364315
7808681,0.007798931145167444,0.00036423597236154217
7808685,0.009307062286839937,0.00039080947979017123
7808689,0.008764930015633582,0.00039961604744024053
7808690,0.008246521975946962,0.00033666790812722524
7808691,0.009491957902224386,0.00040042887407329186
7808698,0.010101468889588431,0.00033239523377559353
7808699,0.008029249585362778,0.000273908511125603
7808700,0.007344215283752419,0.00023378410968647557
7808701,0.009842040165211074,0.00037914458865222466
7808702,0.008600709726939385,0.00031218673813650347
7808703,0.009769800956673862,0.0003196513618317507
7808705,0.009971308237780249,0.0003024094630167301
7808706,0.008606727320133359,0.0002935289720044522
7808707,0.010573433907047729,0.00032663545965267934
7808708,0.007077865472689154,0.0002789676176089714
7808710,0.008108268002924888,0.0002826046871881502
7808711,0.007792190171683614,0.00027230192815580527
7808712,0.010869990213017445,0.00036924454743342603
7808713,0.0060941456842847404,0.00039735292176945207
7808714,0.007616745059582172,0.00036925370632050214
7808717,0.007344673417755075,0.00043945762502258813
7808721,0.008481657860022097,0.00038085049402394704
7808722,0.010114687978377333,0.000559507640724869
7808729,0.00762235478774528,0.000271398021469043
7808730,0.010100625054648845,0.00039771446702345866
7808732,0.009601904129915056,0.0003387507111691002
7808733,0.009330381862193463,0.00035436898482294756
7808737,0.007930726218080964,0.00030306916732226617
7808745,0.007686120141192077,0.00027277226596899114
7808748,0.006413781324486991,0.000280744700312362
7808749,0.004459360492233827,0.0002286230571847207
7808751,0.009126528173703264,0.0003154042566051701
7808752,0.006657407575716206,0.00029271792408729807
7808753,0.009734955935444305,0.00031751230674770617
7808756,0.01028111923117831,0.00035706553642722366
7808757,0.009740214123223267,0.0003416856945869787
7808759,0.010439364154983196,0.0003250864343191978
