ID,EBV,PEV
7802773,17.740723412513734,1535.9509597356425
7802774,-48.444988487243656,1463.1136750845596
7802775,26.330015234231947,1481.021449326883
7802777,-11.621510831832886,1474.6612624358208
7802780,-65.7860439634323,1478.7624227960305
7802781,-4.3710067574977876,1326.0021929003435
7802783,-12.810891678094864,1437.6695979941344
7802784,-30.865500846385956,1342.6648345879726
7802785,3.895656970024109,1546.5567274474301
7802790,-21.932492618352175,1606.5569632277673
7802791,13.785164208650588,1469.2027936953696
7802793,-9.669849383831025,1532.6195270749379
7802796,-35.31512400460243,1457.5056649669286
7802803,0.4361840128898621,1343.9702932050175
7802804,16.44126624274254,1445.9099844831871
7802810,-10.722291841626168,1346.0873573998028
7802814,3.7970295977592468,1538.3059895604056
7802815,-10.417662875652313,1397.9770819602852
7802816,-67.513286195755,1176.880457305018
7802818,-18.969184448957442,1340.5597115493688
7802823,15.30238682344556,1379.0334331774288
7802832,11.878376235246659,1415.3678959956283
7802833,-31.68060353708267,1388.429077278389
7802834,-20.51313489437103,1281.4596119091575
7802835,-1.632089334845543,1386.748130304731
7802842,24.634950742721557,1567.6049855430397
7802844,22.114301268339158,1290.0189093251333
7802850,6.506150797843933,1599.9036800346842
7802853,-17.600557801246644,1329.5631615357543
7802854,-33.522775257110595,1574.8472402063076
7802856,-56.292640483856204,1439.801738519454
7802860,48.148889083623885,1465.0213686127074
7802861,39.01641148591042,1450.8889208181054
7802862,10.321342565894128,1491.6169293095832
7802869,4.681599746942521,1768.8920492843426
7802872,-1.3340990207195282,1601.6292677977774
7802873,16.34320875120163,1333.9813545345326
7802875,19.49117311668396,1232.40569905529
7802878,6.2975443618297575,1344.3237861621578
7802879,23.948827291317283,1534.1738624730028
7802883,-21.961817711114882,1375.0518703515374
7802886,-32.292218769907954,1542.2744294818797
7802891,-32.4552257771492,1328.7935916776823
7802892,18.79222823560238,1317.47011342919
7802898,-41.79420910561085,1602.4551267145946
7802899,-8.459948605537415,1580.3869068909926
7802901,-48.240454317569736,1361.8380668209836
7802906,4.325874886035919,1382.356408841063
7802908,13.695061187028886,1409.697872556046
7802909,13.767309881687165,1524.2420242195506
7802910,2.460096427679062,1621.7499970995875
7802911,-1.2702314949035645,1522.1917417766824
7802913,-22.41718137359619,1401.853005263835
7802915,1.2390458517074585,1326.6079801523636
7802917,-52.28399029445648,1278.9899703022045
7802918,-10.558356514453887,1420.8160352059826
7802919,40.06290967619419,1567.8635327863678
7802920,28.141791304111482,1875.0783601382097
7802927,-35.79617181903124,1163.491305863721
7802929,30.645352048158646,1666.1538432912632
7802930,54.30721143603325,1625.1281033955086
7802931,15.646609606742858,1788.8992503892507
7802932,43.79287828016281,1478.491650032445
7802934,-56.92555448007584,1350.5063779896166
7802936,3.5376296186447145,1220.4676220717452
7802937,6.413711902022362,1139.9711070341496
7802938,-6.159624423265457,1379.3228634462903
7802942,-9.76845613616705,1305.9042570011243
7802943,-6.384955201387405,1366.0176431004043
7802944,-62.37429085445404,1276.5436076402434
7802947,18.930679713249205,1347.1662624704559
7802950,-27.781002665519715,1692.7825184672165
7802956,-9.084545290470123,1289.31479388817
7802962,8.648234100580215,1358.9868013054681
7802971,-44.36492828845978,1607.243194669057
7802973,-9.251708921432495,1488.608254689641
7802974,8.4843798828125,1478.1096607685574
7802975,24.63768313485384,1460.6014285051392
7802979,-21.873381410598753,1416.9111028452326
7802981,-8.266389268279076,1530.6088328034257
7802982,9.18064354121685,1530.0531367138065
7802983,15.57397552573681,1327.4358393915766
7802985,-45.79992484855652,1342.5662657234807
7802989,9.425738928556441,1849.1426271799046
7802990,-33.5970461435318,1273.8194657846075
7802992,-11.352413202524184,1476.5718191535132
7802995,0.9970022728443145,1350.5459600486793
7802998,-5.3921497488021854,1378.3039786990223
7802999,31.352998331308363,1605.218774011877
7803001,-58.89481548690796,1448.9448928530737
7803002,18.227898062467574,1409.4761735927034
7803010,-38.30446578025818,1307.0695807316272
7803011,-7.418157648317516,1303.708800361765
7803013,-4.1908059589862825,1389.4736971992966
7803014,-10.884589210152626,1382.103226914238
7803018,-39.46204112815857,1170.3358267695235
7803019,-1.3209007623195648,1430.9278250872462
7803022,10.094417525053025,1282.2276297669925
7803023,-19.65828438580036,1505.017088705584
7803029,-53.91690580558777,1367.3281790525846
7803030,-16.084787571430205,1228.3297598978127
7803032,-5.03067329454422,1433.0082369897011
7803039,-4.425820456266403,1552.830406218565
7803040,-18.906150749087335,1392.3661433373431
7803046,14.6540360789299,1426.761234055377
7803047,-15.68147730767727,1328.9376015561088
7803049,-15.37538132572174,1323.326904302059
7803052,8.650214134693146,1399.5951731226592
7803053,17.5385710170269,1353.6795066229472
7803054,49.174647692084314,1568.128191186783
7803059,-5.940175138235092,1564.4258722463892
7803064,41.50721766805649,1674.5508737347702
7803065,-34.62379020142555,1573.127819635946
7803066,11.251512124538422,1587.1810333294736
7803068,27.954925893306733,1503.9450955562506
7803069,27.514932118296624,1084.8546570603116
7803074,-58.03963234710693,1580.8336333393383
7803075,27.08280401623249,1486.0620822367039
7803076,-20.580204638481142,1325.5310867591093
7803078,45.05677613639831,1518.6874089950638
7803081,-54.549562308311465,1299.184007512669
7803082,-22.626814954280853,1455.7987985410755
7803083,-15.56050412607193,1470.9377390946038
7803084,-4.1315717272758485,1571.9457835140763
7803085,9.043498120427131,1274.74524057101
7803086,-45.316392609357834,1322.498086028494
7803087,-13.072658271551132,1365.244677348404
7803089,-1.3875419186353684,1399.3292761131931
7803090,-35.642222146749496,1566.7116473233525
7803091,-9.30255332660675,1656.8141940987696
7803094,-50.318455246448515,1292.332292559163
7803095,34.58612273168564,1674.531299402047
7803096,-45.009451369762424,1369.4009560158145
7803097,6.462677548289299,1362.2135542837348
7803098,-4.410061769008636,1393.0047047713115
7803104,-49.39599367427826,1389.1205278317948
7803106,36.92343610835076,1369.611767659068
7803107,-33.19795001077652,1334.8239273307718
7803108,-4.822475385427475,1546.0832281297137
7803110,20.99147499668598,1354.683764147513
7803111,-10.49641370368004,1426.0362968838126
7803112,-10.83148997616768,1471.6919766151987
7803113,24.836595308065416,1569.8044623665508
7803114,18.48773594081402,1468.8475902592518
7803115,-11.623422152400018,1408.0811565343574
7803116,5.459631000995636,1274.2715145550144
7803120,5.879495716392994,1318.57969296407
7803123,42.595389999866484,1471.6334893921353
7803124,20.34700321340561,1616.800332391235
7803125,18.845889134407045,1647.8210826183217
7803126,-35.19753694725036,1318.6304085366417
7803129,-5.843943045973778,1353.3014444967728
7803132,26.960844467878342,1413.6630805873451
7803133,14.670512127876282,1382.9925961119436
7803136,-0.9778666124343872,1303.9396197998044
7803137,15.592606599152088,1339.0255196337714
7803139,-11.368173491597176,1330.733834728675
7803145,21.15943690466881,1474.885390809157
7803147,26.150340200304985,1312.4224863817496
7803151,20.070679316759108,1550.339742470257
7803153,11.56839942908287,1631.9641012804598
7803155,-4.931252118349075,1588.9480967661643
7803158,2.9070456233024595,1335.4879240040348
7803159,-42.61206881332397,1294.4907842961588
7803160,-34.24858937835693,1344.5994608050478
7803163,22.432792821645737,1551.680998981887
7803164,-25.08080619645119,1556.8280745121813
7803168,-17.30276109111309,1416.2224672204525
7803169,-67.28978097057343,1291.328231010633
7803172,8.435303801536561,1330.9000459275524
7803173,6.023454125404358,1154.1390376506884
7803174,-33.33413254213333,1283.845134943239
7803175,16.33528209900856,1264.809671864263
7803176,-13.893631919384003,1356.3632989092866
7803179,11.172371827125549,1275.8039709052778
7803180,-46.335245442390445,1219.1773984746
7803181,-4.186843760490418,1191.560679623572
7803182,12.30219242207706,1304.4316298633048
7803184,28.63122609138489,1439.7274494121064
7803185,36.30144052553177,1548.4226874305425
7803187,17.14454807305336,1346.854704405778
7803188,-35.68808978772164,1284.5479874134958
7803194,-25.34347816991806,1331.4474040576222
7803198,-1.9257043733596801,1456.3200199011362
7803199,-53.414057951450346,1223.3335682980105
7803200,-46.50562722110748,1360.874403000361
7803201,29.87544905257225,1434.3397739980066
7803202,10.250876810520888,1284.5031331706625
7803203,-37.20499211788177,1329.6723748652878
7803204,-16.962443695783616,1454.5049136927312
7803207,-3.569013436317444,1485.5017131839263
7803212,0.7848448338508606,1272.02987883775
7803214,26.14481215429306,1567.7025961419845
7803217,3.702574903726578,1268.8960942815625
7803219,-21.60023774510622,1568.1295874677235
7803220,-9.061766080856323,1384.4612303638778
7803221,8.290421810150146,1556.0162481761122
7803222,27.43213197863102,1319.2944026107295
7803223,11.110504754304886,1556.9248002912423
7803224,13.784372817993164,1272.9621877072066
7803225,-25.55184172153473,1422.2868636225776
7803226,-5.797088572025299,1476.7501596712175
7803227,-6.096507202148437,1453.4433504609583
7803228,-25.073046248197556,1344.2640832630088
7803230,-46.61576619529724,1395.7550408058246
7803232,-5.7467763525247575,1519.9607618576918
7803233,31.97125221210718,1432.1169941801793
7803234,17.168618355870247,1681.6342800407142
7803235,-17.818283341646193,1394.7501935493462
7803237,19.008710438728333,1525.116562452349
7803238,-15.416247750937938,1419.028319745456
7803239,11.410513090133668,1424.8304132896928
7803242,36.346211293458936,1480.5282641919644
7803244,-57.155263947725295,1346.9808625471105
7803252,0.3323980898857117,1504.8066171305932
7803253,52.85181381654739,1540.0783460029288
7803254,10.511104744195938,1610.5691842152853
7803258,-18.973837542057037,1525.9938393446819
7803259,15.182985531687736,1412.3525265668698
7803260,34.090611386105415,1488.2718902333377
7803262,-11.617430743724107,1784.4072332040057
7803264,-45.70266599369049,1438.1329097917203
7803268,-73.7981844921112,1249.6444727888227
7803270,18.009689126729967,1436.6708547872993
7803274,-13.795703805446625,1511.9438172615678
7803279,26.14890038704872,1258.2726768511923
7803281,-8.258445170879364,1522.9189698454404
7803283,-5.706160621166229,1493.9891874100294
7803284,18.027182427167894,1527.6717839914581
7803285,-19.32964466524124,1429.4135405641555
7803288,7.020566541135311,1478.843840862382
7803290,4.807483052849769,1309.3390727818185
7803292,-6.38224477314949,1570.3483721537425
7803293,12.918316754341125,1660.0713149338524
7803294,-2.498973513841629,1426.6535400363166
7803299,-24.824745864868163,1436.3242938018377
7803301,2.150914881706238,1566.8449780004066
7803302,5.284124001979828,1501.4611849692096
7803303,-23.89663036131859,1573.2621426767098
7803305,-50.23142664384842,1209.0891950531957
7803306,-47.72315470695496,1286.7782599143516
7803310,13.44088152551651,1370.247224438528
7803312,-1.2754894436597823,1483.2752809414085
7803313,-27.8952487449646,1368.6033377497008
7803315,-39.07394877123833,1486.6475933845347
7803317,-37.4210454864502,1474.67727411021
7803318,-12.948203824579716,1302.4249865227284
7803319,-23.138564980983734,1232.4887922463586
7803331,-16.265431646585466,1379.832762364453
7803333,-12.260698229789734,1548.5423419430822
7803334,6.810097081184387,1408.6026848318986
7803338,-22.328454468727113,1698.4515354430555
7803339,7.9871594986319545,1317.8003477913862
7803340,-11.237556239545345,1933.6983216938122
7803341,35.60037655687332,1516.088194466171
7803342,9.997644168257713,2072.893803276599
7803343,30.710418947935104,1538.8222610193898
7803344,-31.04207613703981,1419.478080283098
7803345,20.586775399565695,1711.4080782555511
7803346,4.976339842319488,1476.8818137895764
7803347,-30.56353591346741,1309.983573355102
7803348,2.794699246406555,1570.5923781228314
7803354,29.963798163175582,1382.9465084030112
7803355,-12.040828285694122,1567.1994235236707
7803360,45.299907720327376,1475.102542231264
7803361,18.491127707839013,1559.4855476684638
7803362,1.6203434302806854,1435.9345349892556
7803363,22.10939469432831,1379.5508296733935
7803365,34.30525497531891,1325.3882413136807
7803366,-2.698170184135437,1384.6569780576594
7803368,-62.09273052406311,1481.144024158415
7803370,10.98001265156269,1255.0760368930385
7803371,14.86830507287383,1369.4039546561094
7803373,9.591900498628616,1476.1607946927777
7803375,-37.78700466489792,1418.8427698280432
7803376,-57.5417819571495,1380.250562295886
7803379,-32.424584691286086,1402.9840520354235
7803381,18.843128501176835,1745.9722870766693
7803383,-8.382609078407288,1542.3738086967808
7803384,34.78752864193916,1424.7193605163347
7803385,19.66910199522972,1602.6416588156987
7803392,-10.2272101020813,1599.5880401512038
7803393,-26.14187837344408,1514.0442590497817
7803394,-2.8079683380126954,1363.0997493900675
7803395,-64.37532988500595,1373.8741163751745
7803397,-1.7545461596250533,1682.448834750954
7803398,-5.637454394042492,1699.9402788892235
7803399,-10.106705086231232,1489.4579987287693
7803400,-62.14384253692627,1587.831736272166
7803401,-16.955368919491768,1664.933343592518
7803402,33.03647076416016,1495.4106779084009
7803405,-3.807127765893936,1546.1248539939718
7803406,12.028405542731285,1729.8237580910886
7803407,8.3575060338974,1460.0840000619849
7803408,14.40541009402275,1464.839958555121
7803410,-30.50210041952133,1486.6590225764523
7803413,-30.73485352754593,1609.0550368534368
7803414,-12.85310961484909,1202.8065701055793
7803415,-11.459896254181862,1555.704735096412
7803417,-55.32127019500732,1391.5139340281387
7803419,-6.8576879775524135,1357.7612696684062
7803420,-23.998143977999685,1571.8996668310665
7803423,-65.72464365196228,1359.2179427257327
7803426,-16.779775155484675,1742.0742658942968
7803427,0.23478695154190063,1360.4898883855003
7803428,32.46247763991356,1517.5121767753237
7803429,-2.102757695198059,1408.1595271753717
7803432,-4.082525508642196,1506.081857027842
7803433,17.329594583272932,1401.4378936305077
7803434,12.42898690199852,1642.9821550779632
7803435,-53.850011651039125,1436.2093875223206
7803436,-31.31314317265153,1435.952994567707
7803437,-8.498169859647751,1427.0721170962995
7803438,43.42097599363327,1509.5483309368922
7803439,18.943303549647332,1529.8711547753283
7803459,18.033081624746323,1207.6214724409388
7803461,18.72367161989212,1402.5953562408538
7803463,-19.10503443145752,1367.8501659800838
7803464,-17.992167585134506,1423.432073422778
7803467,-2.6075055599212646,1162.9129455958098
7803471,-35.014600124835965,1240.5756552876678
7803473,14.236254262059926,1378.4857988738584
7803475,2.7750011982917786,1513.1927663157478
7803476,-21.758984918117523,1566.7431865998
7803480,8.860234634637832,1438.4078637919208
7803481,-18.02032548427582,1507.467315187601
7803482,38.64951186776161,1437.2710077836002
7803483,-26.31119480586052,1446.6236518841254
7803485,-28.29575474321842,1378.36320168885
7803486,-13.401369547128677,1419.1892075931776
7803488,19.52884961092472,1334.8572791675474
7803489,5.545335619777441,1616.3406592458646
7803492,20.698597054243088,1252.142766745409
7803495,-49.92290082263946,1400.4592964828514
7803496,3.5272673313617706,1514.243199182438
7803497,-11.394850054979324,1408.0512626580476
7803499,3.3883854150772095,1286.6112074961181
7803502,0.9017655487060547,1441.2834280765187
7803503,26.437160338550807,1606.2872039346887
7803504,-16.636857030034065,1325.1698114276155
7803505,-18.594060581564904,1483.9484660534865
7803506,-4.011556617021561,1345.6438762000994
7803507,-8.242851439714432,1353.2639579403055
7803508,-17.676433881759642,1355.042158723843
7803509,36.50337471485138,1437.7562816167197
7803510,-27.911075984954834,1286.2062476021526
7803511,3.1855589797496795,1315.271479990827
7803513,18.573454853892326,1400.633602062214
7803514,6.102824846103787,1508.6207824326248
7803516,-41.7081639572978,1443.497268379797
7803518,0.7720882046222687,1615.055882085499
7803519,7.14887832224369,1349.0928223508845
7803520,-15.669690276384353,1387.619693035944
7803521,-7.774161409795284,1411.0401028487001
7803522,-38.169328185856344,1458.432850158064
7803523,-9.52294390259683,1540.4555420100883
7803524,-23.983729295015333,1971.1970656948786
7803526,-63.292510127067565,1413.2548568804846
7803528,-20.272636727660895,1388.3858424179257
7803539,5.511758403897286,1418.1630057476473
7803540,-1.7228329718112945,1348.8774918609083
7803541,15.926108364608139,1604.044431681289
7803542,-9.764630339860917,1283.4168199093983
7803543,35.00220894551277,1555.0776159296483
7803544,-66.60233310604096,1590.4170833086575
7803545,11.09597304368019,1555.9019612153154
7803546,0.8997134236097336,1373.8830249968003
7803547,-18.21687685918808,1401.3153382533533
7803548,-1.372722904086113,1148.300594672367
7803549,17.012038396120072,1459.6145793068165
7803550,-13.60754359626025,1563.2336089943824
7803554,-26.95982619857788,1353.5696232407827
7803555,-61.661254826545715,1445.1090169602926
7803556,-31.070693594932557,1504.6902279099204
7803557,39.28263836240768,1432.0528487532024
7803558,9.388001373767853,1572.5004388780035
7803559,16.71269280743599,1311.3281635257424
7803563,1.0018438115119934,1770.2951936712427
7803566,-15.772464680731296,1533.120542553935
7803567,7.6020841263532635,1597.3862342799314
7803568,8.561490544080733,1619.9379228021548
7803569,-20.711201779201627,1500.7030480201563
7803570,6.073908346951008,1366.7364754743514
7803574,-7.483043698310852,1456.1056173595234
7803575,-29.255858204841612,1361.178144009852
7803578,15.458875972747803,1489.381613068789
7803579,21.01669970846176,1544.6706077121378
7803580,-10.308278354167939,1501.6069830950223
7803581,-35.83069967508316,1587.3245165347828
7803582,18.953653211951256,1702.8395423390139
7803584,19.949498538732527,1868.3400105915782
7803585,-15.65824961721897,1647.837064200492
7803586,37.85769993758202,1475.567670900447
7803588,-15.301883369922638,1453.8322906383053
7803595,-32.95508692932129,1504.4967776116625
7803597,0.4540161921977997,1407.2881227013584
7803598,-7.042973794460297,1387.2231902984443
7803599,-4.9190059766769405,1599.2651654883023
7803600,5.508905855357647,1415.5171281876146
7803601,30.104202921271323,1389.2234488379545
7803602,-15.882297842502593,1732.2540413690995
7803603,30.4255220746994,1511.6632846145174
7803604,5.700920801401138,1486.12588431604
7803606,0.6576797311306,1482.017263595905
7803607,-13.778577720880508,1388.259628082425
7803608,-27.74459759736061,1541.0565829702912
7803611,-3.4425357933044434,1592.1467192558132
7803612,-4.855465666770935,1506.5535791211692
7803613,-46.66163348960877,1464.0139162405083
7803614,15.49408838671446,1371.7111085617894
7803616,-27.279528946876525,1424.2093804484302
7803617,-43.804974936008456,1466.066311307272
7803618,-58.44681344366074,1692.958267524093
7803629,-45.46966387653351,1432.6687311777416
7803634,7.066783060073853,1607.197916637956
7803639,-37.63458364415169,1177.2623301142
7803641,-11.714700140714646,1386.680333459093
7803642,-36.109893529772755,1177.3351306246302
7803644,-18.962284525752068,1450.8372624505128
7803645,18.361772174596787,1481.2503258882434
7803648,-11.934186079978943,1420.7034617555971
7803650,-17.03954313802719,1316.372102821674
7803652,-0.716008118391037,1415.0795089811534
7803657,-63.76797814440727,1298.3179100342127
7803658,-9.695939713001252,1446.5118285320218
7803659,-8.211589906692504,1524.7096693343456
7803662,-27.924155752658844,1667.115959102272
7803663,29.64033410906792,1731.9277763119305
7803664,-23.354508455276488,1540.5249180311414
7803665,0.4121588683128357,1302.8722736294608
7803668,-11.510708341628312,1874.753841056792
7803679,-2.761781821541488,1355.2709992903262
7803680,-29.686819436073304,1366.8136337060007
7803683,-61.455142592430114,1272.9924907053364
7803684,-10.775460436582565,1297.473165390671
7803685,-25.602273770928385,1849.7506095182955
7803687,-26.56036800122261,1465.6720778875372
7803689,-13.042897814542055,1526.4058052687694
7803692,22.691721132874488,1667.886982375087
7803693,-20.119028132140638,1555.2729496265688
7803694,-29.14261245274544,1527.818616953043
7803709,-34.795030482769015,1500.4595584620572
7803710,-11.709255948901177,1606.6199262392881
7803711,15.651002936959266,1504.7217566972733
7803719,-6.778830568313599,1393.7252243577118
7803720,-48.0727554192543,1483.319819942391
7803721,-6.2478487637043,1387.4601053025744
7803725,59.460694630920884,1633.3200403049182
7803726,11.31608092045784,1692.1388637849773
7803728,30.124572071790695,1682.9379568348008
7803729,-10.03988341975212,1485.6708695801703
7803730,-25.19653915977478,1340.7387612770635
7803737,30.09259331715107,1090.650502779105
7803738,5.293672780185938,1924.6995034750114
7803742,2.370036205768585,1639.4364173359297
7803747,6.101564081907273,1533.9599848374662
7803748,11.99106138586998,1530.2189855572824
7803750,-13.31696219664812,1552.1381840383106
7803753,-24.422863159418107,1329.412482606015
7803758,42.35888039255142,1309.9883470724221
7803760,-7.169742186546325,1481.6373263078929
7803761,-55.624895980590956,1354.0961338129541
7803762,-65.21791048443318,1451.3177233436013
7803763,-21.41190235954523,1248.2399732196861
7803764,5.183262592554092,1435.6655066262022
7803765,-12.327822467267513,1433.5043243624189
7803766,-5.089646100759507,1377.3751630401046
7803767,-2.37930436873436,1753.1358362389103
7803768,15.128981052875519,1417.2401929277446
7803776,24.494854004144667,1655.4927866448584
7803778,-32.48110069131851,1466.6329768003695
7803779,-38.33126213276386,1776.98401271969
7803780,-5.255703648686409,1443.453339289952
7803784,-26.070548715114594,1436.0303169484773
7803801,31.610980263710022,1387.8844251930846
7803804,6.022925025463104,1294.627021388719
7803805,10.608770882308484,1558.7344138613205
7803808,12.148126773655415,1523.8208206306244
7803809,20.200750600099564,1639.8899179722343
7803813,15.703405815154314,1302.3037342605298
7803814,-17.02800809264183,1345.7642236146091
7803816,-19.945355902433395,1505.2774338915315
7803818,5.3107610813975334,1489.8048044490615
7803820,-13.621454135417938,1580.7245813584943
7803821,-12.288580842018128,1474.001163613795
7803827,16.685533994197847,1343.9325230593483
7803829,42.459911077022554,1794.7462063775668
7803839,22.87871787071228,1494.8986178196344
7803841,-12.926014747917652,1619.191192478816
7803849,-15.245829478025437,1602.0866909603708
7803850,27.090555840969085,1497.7956547103763
7803852,-33.57770970243216,1436.3391372896988
7803853,-41.32789777994156,1703.3623578965078
7803856,-37.79194623765349,1478.960073679797
7803857,-11.085129487991333,1408.465492517437
7803858,-11.369793538212777,1486.7975092138206
7803863,26.0704759542346,1685.0868552255383
7803873,-78.77801832485198,1374.7845667329136
7803890,22.793728481054305,1536.2725220301743
7803891,-11.435577882528305,1506.419694963669
7803896,-9.602828400276602,1676.823185639971
7803900,2.6620250798463823,1625.3649296904464
7803901,-38.89427633786202,1551.5372808099642
7803904,10.697863710880279,1459.695987598515
7803905,31.33548179960251,1435.2272842478358
7803906,15.974397705316544,1551.3529582975636
7803911,-45.542485606193544,1468.5380482272383
7803914,-2.358479662179947,1449.8771964506886
7803923,13.070426551282406,1693.5244532485335
7803932,4.3346813397407535,1378.9173567887465
7803934,-42.391686252117154,1408.5022314220275
7803938,11.561613768458367,1353.536307226995
7803964,-18.43917255294323,1502.5598935719222
7803966,29.12183900153637,1406.9612205580745
7803979,-58.84892035251856,1355.0224889569486
7803981,2.3503479084968566,1406.2790713317252
7803982,-10.26748922020197,1403.4007028241904
7803983,6.884517493069172,1653.9165878748167
7803984,-5.164577518463135,1518.5715364022667
7803987,1.759304515361786,1579.8498580230994
7803989,-15.961926341377199,1305.6476823295998
7803994,-4.693409990310669,1260.8065472417807
7803995,23.897344138503076,1586.8245598224366
7803999,5.173363913655281,1421.8141550833516
7804002,-20.349449734807013,1546.9763500780214
7804009,-30.7633049287796,1558.4384032755609
7804013,-38.45700593829155,1292.332649482408
7804015,-15.157939545154571,1366.391236833383
7804016,-6.348575266033411,1450.4575353474695
7804030,14.341254107534885,1328.9915808422545
7804043,-20.59278883868456,1394.9400839147402
7804053,-4.807104693174362,1368.8745007027342
7804054,-2.7051055690646173,1581.4293953975925
7804059,16.948493958592415,1515.6126555400979
7804067,-16.928209028840065,1975.9275872566793
7804079,7.0919624323844905,1426.4256944061783
7804081,-41.61173009383678,1611.7402141183695
7804084,-50.35213437473774,1481.8389125364424
7804086,-42.597748923271894,1494.582196153321
7804087,-42.397681683778764,1520.6828788508894
7804092,-28.179397238731383,1508.0593422913785
7804129,31.822456086158752,1527.252233324202
7804142,1.2638073572516442,1631.6815051677813
7804150,5.215660370588303,1508.3032591796523
7804151,12.109788457274437,1259.728866757147
7804165,-21.145370414853097,1463.5065866545383
7804173,-21.030048141479494,1467.7224415183925
7804182,-4.536294424057007,1351.9950087522002
7804191,16.092615715593098,1820.4370354106616
7804238,-30.24589411354065,1753.6080732672308
7804325,12.165971355438232,1745.8087261253772
7804432,-13.62146747660637,1457.4776101183522
7804446,-41.082971433371306,1429.6143322902358
7804467,-39.19741853284836,1524.7227403354702
7804484,-28.462716393232345,1467.9011481202515
7804488,13.530716569423676,1454.1015381660152
7804493,0.697778699874878,1572.9846798350777
7804496,12.2364399215281,1485.6238341984183
7804561,27.596723665237427,1478.3109519246825
7804874,3.910077972650528,1485.3178750946201
7804885,-15.73685107111931,1596.8277781526212
7804943,-16.190803120851516,1522.071425374688
7804958,-23.313008354902266,1403.9218860409808
7804970,15.778699431896209,1515.8128822611106
7804987,-31.58076728963852,1433.972912534824
7805071,5.462398708105087,1689.5227611043142
7805169,0.5461447713375092,1598.971610001903
7805256,-9.48700358748436,1536.8084450731885
7805390,22.056525702476502,1322.7608584848624
7805391,2.6844834942221643,1332.968511397289
7805394,-9.563531884670258,1815.1332169735092
7805395,-22.752491948008537,1455.5139773198498
7805397,42.6705697131753,1468.8805522099183
7805402,-49.9865729470253,1449.380500251778
7805404,-78.36671325731278,1678.877249165306
7805405,-25.99391195321083,1720.4732374520427
7805406,-21.021882957458494,1526.5671515693916
7805410,-0.5563560857772827,1402.3238066349077
7805411,40.53408346873522,1564.6067599219236
7805412,-10.100433750152588,1442.6268601281963
7805413,-2.9859639167785645,1420.7065568140988
7805418,23.054855488538742,1572.3755172854414
7805421,-20.28939926111698,1624.7890695845933
7805422,-34.500413166046144,1268.6889114564235
7805441,14.146064474612475,1377.7430033292812
7805444,11.002678718566894,1635.2617323465424
7805445,-20.268481009721757,1306.1361959418512
7805468,28.98072983264923,1611.6870457774478
7805469,29.33231319308281,1611.9963205436686
7805470,-69.42021890044212,1549.4461451513985
7805471,19.80677684211731,1386.4546409059683
7805478,46.27902128958702,1542.6662006805639
7805489,11.701036744475365,1590.1959471400921
7805492,-63.62210544681549,1445.931363056276
7805497,-1.8906847476959228,1647.4137659916996
7805499,18.282685966551306,1530.7438986598613
7805500,27.52940041552484,1368.6814099424425
7805511,-17.17046748161316,1492.3995600275657
7805513,-41.220612298965456,1428.0055016376598
7805515,-41.52738491535187,1528.3687460613291
7805517,-40.18315783381462,1591.7189130956067
7805539,-58.34882103729248,1410.8251569513207
7805541,4.084940260291099,1482.451916489833
7805542,28.6684987885952,1533.4371032815613
7805544,0.5596610102653503,1432.0179454353186
7805545,-11.740962127208709,1408.9907867342345
7805547,-46.589380677223204,1518.667125664349
7805554,25.7998190510273,1755.0803090073596
7805555,8.035241382837295,1471.2944046478974
7805556,-16.496489703416824,1422.2960193358056
7805560,-14.642923769116402,1657.0454499057741
7805562,3.7755007402896883,1622.1385806014027
7805563,-20.1803455555737,1518.8690394682192
7805595,-26.281287023544312,1541.1395019490226
7805597,-56.218603220462796,1394.6487937927975
7805605,-43.08197260427475,1499.7325953475615
7805606,-56.616882006645206,1653.729240040369
7805610,-48.337859847068785,1830.5658251203533
7805614,7.785148814201355,1350.0218940914822
7805629,11.597962280273437,1463.5751381922935
7805630,-4.220299492917955,1364.5350988858838
7805635,-5.211916549801827,1659.237433824789
7805636,-63.82868990707397,1382.6925697657416
7805645,-38.543496524691584,1556.1961890164669
7805649,14.545023163080215,1608.266218168035
7805651,11.309323144435883,1562.857587818335
7805652,-51.45725832343101,1377.3261571594167
7805656,-4.5154660198837515,1402.5757778473992
7805659,1.7320573873519898,1460.6340861054584
7805660,5.796451662778854,1394.3070200283596
7805661,-5.219611748933792,1483.9993005820274
7805666,-12.61165908756852,1529.894566884115
7805670,-5.91485733628273,1505.5820969619529
7805671,20.730636717736722,1525.0642349839648
7805672,25.39003532218933,1480.3345842661986
7805675,-22.849883211135865,1632.9823449410326
7805676,-46.962495302677155,1338.9314850811536
7805679,-21.759476964339616,1436.8356113342513
7805680,8.252944048166276,1670.7871793704
7805681,26.134720164120196,1499.0777189040923
7805684,-71.57208997058868,1423.9530078680393
7805685,-9.173369706392288,1708.0538087744612
7805686,-1.539663050889969,1531.1919066097114
7805690,-32.513476459503174,1392.8745803076085
7805693,-19.9083268712759,1595.1896755064686
7805695,-16.94001587367058,1583.3895017922114
7805703,-26.0537442612648,1543.9007066893744
7805719,-20.092871388435363,1548.4277045949468
7805720,26.435886443138124,1507.1470055206348
7805724,25.934792679786682,1513.2349774976947
7805728,11.78629446721077,1573.7944350237715
7805730,9.093569374501705,1438.1000468242132
7805731,-12.19616491508484,1426.2288468567597
7805732,-12.542829057872295,1785.2417907068705
7805737,-4.123077528715133,1397.7998542832072
7805738,38.80274323284626,1525.3405518288116
7805740,-10.581866968169809,1549.702476058388
7805741,-71.7050771932602,1302.2293009887674
7805743,-16.287583844184876,1450.6428705622855
7805748,-38.14426762485504,1332.434379140606
7805750,-41.167310831546786,1561.4982227274202
7805752,-23.37548052844405,1443.4277827902256
7805753,-28.37563280761242,1500.7650133102957
7805757,1.8060549688339234,1560.3846984210018
7805759,-66.10221320080757,1709.6396232673796
7805762,8.68164980816841,1739.5065486288888
7805767,-29.976746393799782,1496.6144544941894
7805770,-14.069594608545303,1514.7094231342478
7805772,-49.13034496974945,1407.8506576518091
7805774,25.432379406929016,1478.9456464886428
7805776,-40.15437530279159,1512.5415131864547
7805778,28.407578565716744,1678.7253715235422
7805780,34.90889798569679,1576.6733581999565
7805781,46.73513773822784,1611.5449001101238
7805783,22.0175011780262,1788.791070853219
7805784,1.2677527433782816,1304.315582085495
7805785,22.14432368159294,1482.4206447667036
7805786,-8.027893041610717,1660.4893843739885
7805787,19.66798562479019,1447.0310844587734
7805799,-26.99624272441864,1334.1210482942583
7805802,27.30791896510124,1481.9142030554733
7805804,30.871925124943257,1846.9561154435053
7805805,-4.402509259700775,1546.1419844466711
7805809,-32.32069266271591,1493.4347973745637
7805811,-23.20094390964508,1533.0839801599982
7805815,-30.154344236135483,1404.106655001575
7805819,58.653915244579316,1489.6598653968806
7805820,11.458573747754096,1644.727154736489
7805823,10.61333520078659,1421.0875922410692
7805826,39.71553838062287,1746.78089771048
7805833,20.6950615837574,1676.3709677294396
7805838,-5.895335011571646,1380.9496170541156
7805861,-6.9703640956878665,1396.9974866434943
7805865,-48.157514949321744,1427.4299158946305
7805866,9.96919778561592,1716.8927325047318
7805868,28.85333206295967,1336.3274349139836
7805870,-24.552043827772142,2005.1371957581523
7805890,14.141914970517158,1604.2039660332077
7805893,-46.2127811422348,1486.501683396913
7805896,-11.395737643241882,1591.794893756667
7805897,-77.69315050983428,1629.9585199579494
7805899,-13.768329459905624,1494.5023052942079
7805900,8.501452596902848,1523.4076407442449
7805901,12.218090799093247,1422.471127561186
7805903,37.41779907429218,1428.5776296647762
7805904,42.011995827317236,1414.496687602282
7805911,0.6075231282711029,1369.5065649745688
7805912,28.93637083315849,1474.8117475426832
7805914,-32.51813292908668,1350.7138722461418
7805916,-11.495442178189755,1451.795428520649
7805917,17.504979174554347,1553.0627286019046
7805919,-36.107483938694,1384.8106983846874
7805920,-5.204323369383812,1557.108998217408
7805922,9.715743043780327,1504.642525981995
7805924,-11.749833000302315,1627.7206781444947
7805925,24.72214619845152,1508.1410944363301
7805926,-6.857339146137238,1567.1731268740318
7805928,-11.444263878583907,1320.975372940277
7805931,-24.5305320520401,1641.1584140338805
7805936,-2.0013436976671217,1508.0773852219595
7805937,9.912005670547485,1582.0004321777624
7805938,11.581189522325992,1394.3411979390776
7805941,33.13666466444731,1534.845216755127
7805942,5.838266176462174,1515.9314441735667
7805945,5.998623624563217,1679.531762207264
7805946,-20.172922585263848,1604.8317314029318
7805947,-0.6326438164412975,1361.2889515346133
7805955,0.027412147402763366,1453.2459857301421
7805956,-13.523487074434756,1421.1804140164072
7805957,-17.44627078580856,1421.006658946789
7805965,-39.0967980594635,1429.0681435933163
7805966,26.924778794050216,1414.6495351617725
7805991,43.376710913330314,1480.4204862608613
7805996,1.0341660261154175,1277.382808407633
7805999,-51.783849918365476,1445.8964759034075
7806001,36.96673253822327,1521.4214664576932
7806003,20.20557042402029,1542.3261682271016
7806004,3.2337630128692836,1689.940062231826
7806016,39.96863127458096,1259.8808959869534
7806020,20.223060021102427,1461.860255753977
7806022,-4.687001364946365,1480.7579819280186
7806026,11.225233391672372,1497.6215942689043
7806029,-37.44026605781913,1284.3282218259171
7806032,-46.092155016422275,1522.9232104273015
7806034,2.6649685446023943,1435.4397502856164
7806035,-39.53087644577026,1428.2905561769746
7806037,-40.32122598648071,1429.4030452619002
7806048,21.904376312375067,1607.0856340149223
7806049,-47.76149052095413,1356.791798188391
7806050,27.174980063438415,1619.9490465477218
7806052,14.390767114758491,1478.0604040790129
7806054,-16.84939609146118,1458.9535108380294
7806056,4.061378179073333,1352.3245568056454
7806057,2.892178490281105,1214.4765422909002
7806059,-16.13832300519943,1717.609490974475
7806060,-6.464727943658828,1643.3576457789854
7806062,4.08093206012249,1423.004071173989
7806065,-18.236789348363878,1611.1064093497257
7806081,-61.790570990517736,1818.009110448227
7806083,-35.76017250728607,1504.0226049423798
7806086,-58.18786106109619,1260.6450854223776
7806087,-24.893274656772615,1502.1463648347092
7806089,-26.120987561225892,1458.6147054919963
7806091,-35.51841861367225,1453.7965593427602
7806098,30.672055290058257,1479.2706836815516
7806099,-3.5369979627132415,1725.1688729778937
7806100,41.64402191615105,1563.209923327788
7806101,-3.526928749918938,1370.5382722268362
7806103,-2.668812492251396,1444.5482891993788
7806105,-11.879210323154926,1522.250038124138
7806107,41.23166016411781,1581.634943895285
7806116,16.792944408625363,1547.1878777645065
7806117,5.093664308309555,1700.9882643915864
7806119,19.293079016208647,1365.2475068337899
7806120,-39.83775927072764,1748.6612249673237
7806122,-46.975942197322844,1551.1892168012293
7806124,3.637515669465065,1381.7599492323645
7806125,4.923952045321465,1499.6348055592707
7806126,-35.30948990249634,1273.803079133886
7806127,-8.077202701210975,1442.9725653352812
7806128,-10.937728770494461,1495.7268159009022
7806130,-14.76205840653926,1489.3411636678863
7806131,51.493793399959806,1581.6686576345635
7806149,35.34842558723688,1602.3844668821596
7806150,-6.6923956822156905,1537.2246143885309
7806151,-25.06543494439125,1605.1414902214635
7806153,14.402965505242348,1427.3443181670798
7806171,-23.843748286038636,1682.4087503136245
7806172,6.823024943560362,1564.6502966626108
7806173,11.730643119692802,1803.215892903974
7806174,22.379668986022473,1568.8486252798505
7806176,-43.73456424331665,1385.0966748141416
7806178,-63.89309895801544,1626.8259680191568
7806181,10.202384173870087,1384.9958709697246
7806182,-28.54847878973186,1491.7327837040527
7806186,28.329938336849214,1210.8965040908392
7806190,-36.41072556459904,1910.9609481468501
7806192,40.28364803373814,1741.1288812752819
7806195,-22.880970969200135,1477.8026688902328
7806196,-10.360806305885315,1581.9653965732634
7806197,19.703405639648437,1441.747486375841
7806198,-19.525375205516816,1458.8921957561436
7806204,-8.979717133045197,1459.2562615361846
7806206,3.4414707115590573,1357.8266142097098
7806213,22.59000521528721,1411.1640048402421
7806215,-45.87168169951439,1501.2793052881193
7806216,17.508497725963593,1444.5576764495706
7806218,-19.88522990989685,1319.15722405446
7806221,-17.335588958621024,1608.6248034853231
7806227,-44.00092828941345,1857.868997769423
7806228,14.581982965409756,1479.2351607589164
7806230,-27.76304822450876,1527.6021893395148
7806232,-24.873024932146073,1497.010310832194
7806234,-46.98024534726143,1455.7819644215028
7806235,15.288798779129982,1682.6702416718185
7806250,27.98523274229467,1469.006918095527
7806251,-54.222168736457824,1301.6994734735688
7806255,-27.218861523628235,1184.3261211595157
7806256,-17.771433054208757,1459.0683623429522
7806257,-14.09161802983284,1312.823635605843
7806262,5.338654200553894,1370.003621142383
7806263,29.544859833717346,1630.8899076054472
7806265,-35.087050666332246,1548.2236286734535
7806268,-5.415540823981166,1417.1353031596616
7806270,41.73839994025231,1903.9719536919167
7806277,-33.11263092815876,1388.7879181438811
7806281,38.054260197639465,1813.1599244532345
7806286,5.662094562053681,1637.213273896781
7806288,22.651089681506157,1435.4235479850329
7806291,17.60077216899395,1990.7284487437203
7806292,40.52255746811628,1400.538859166137
7806293,1.4681596893072129,1533.0764587708084
7806298,7.738134320735932,1613.7855334033804
7806307,11.728886028766633,1540.4828346595925
7806309,9.38421949517727,1488.7783782636168
7806311,19.615160658597947,1586.381325279233
7806314,44.78386543214321,1937.3330633911985
7806315,-17.664633367061615,1665.372391530793
7806316,-12.801196800231933,1762.5247628822578
7806320,2.3334974410533906,1794.083561698391
7806345,23.085702233076095,1664.5626624643069
7806348,-0.6020185303688049,1545.8098869432588
7806351,43.91532294929028,1547.3938537970869
7806355,32.37197338187695,1568.9271746247603
7806383,45.69497283005715,1536.3133989654425
7806386,-61.012812834739684,1358.2540421935523
7806390,-16.479915320575238,1514.547801553836
7806391,-34.5710728199482,1591.9901250511941
7806392,8.25741982793808,1596.4923540367633
7806396,-18.39252455687523,1625.3769171341226
7806400,-37.81402731285989,1528.591108285693
7806403,9.803909977197646,1705.1228874707522
7806433,-43.389779114723204,1569.5509847513313
7806439,2.752601858139038,1358.5758792539082
7806448,16.235470813035963,1825.5815032170212
7806459,10.61514778995514,1608.0380355777183
7806463,-52.26813769024611,1652.0282237455865
7806465,-9.904592111229897,1504.5121081945547
7806470,-7.232612309455871,1279.1480984153052
7806471,5.28521018075943,1713.8134118022401
7806472,-10.706060369253159,1500.5272367532823
7806474,-0.9892463901042938,1314.5554195142267
7806476,-71.11794636833667,1713.8049098583724
7806481,11.879473429203033,1543.4034763455184
7806482,-11.198933600962162,1453.7433401805845
7806512,5.576070181846618,1449.2172145865472
7806515,-3.2910828504562377,1352.2587223645157
7806519,17.71358388054371,1990.109059374835
7806521,-9.27684875845909,1401.9006135158493
7806526,-19.652860801577567,1588.6068931828463
7806528,4.275691280692816,1513.3218910024627
7806529,-25.13800267338753,1486.501733957541
7806533,8.835111237753182,1399.3118768436934
7806542,-6.308608422279358,1536.0720577644947
7806560,-40.76648705029488,1259.3154915245923
7806564,15.996295554637909,1309.2813511277889
7806571,-47.23953120374679,1577.9443050148689
7806577,8.297240342855453,1517.774507153577
7806579,-13.91286056804657,1316.63741393809
7806591,-16.965381929159165,1600.5318893132462
7806596,-27.347422830581664,1319.50576497549
7806600,28.495464750289916,1431.1515697985803
7806601,-40.27797288274765,1491.2591159537656
7806605,-1.3234757254123688,1437.2760910819306
7806608,1.831869897827506,1521.1572642811263
7806610,-23.99324887561798,1388.1110264637593
7806612,42.74411141073704,1458.4313769785188
7806614,18.006669850587844,1459.2504068429766
7806615,0.9758114371299743,1474.04954111795
7806622,9.73630917775631,1565.7588531824947
7806624,-23.32922382879257,1224.4122542051105
7806625,-36.05664488863945,1398.8790785467932
7806632,-52.8132182970047,1399.8184070931425
7806642,-49.39340374279022,1476.8542805015984
7806644,-27.6606097407341,1404.9012972602602
7806646,7.228588934898377,1693.0283834705826
7806647,-10.096237443089485,1662.6407277413841
7806650,-25.51642135453224,1571.4111248007202
7806656,41.91639868426323,1509.5447093392238
7806660,54.32280506324768,1592.5182020948353
7806665,-66.41784991455079,1210.4153977332621
7806668,-26.815693955898286,1676.5570348642727
7806670,-20.27719623064995,1533.6639708304424
7806675,-16.291313119888304,1422.5307841188746
7806701,10.615739162445069,1627.6524591529244
7806703,-2.542665637731552,1420.487999419348
7806731,30.30168981719017,1502.2941059433447
7806738,14.245864810943603,1776.7303873542544
7806744,53.14222116613388,1604.4425482956995
7806745,-15.634332095265389,1570.2622884118377
7806751,65.35046473002434,1679.9512267138703
7806760,-39.547871525287626,1354.2402126756028
7806761,1.0781152050495149,1420.4424578814755
7806762,-2.2597551789283754,1497.0737531223467
7806764,-94.02426766824722,1431.0762035110927
7806770,-11.027178953647613,1475.4933103089236
7806774,13.178434464037418,1381.0001488354033
7806779,-8.379249073266983,1630.3176298652224
7806814,19.532482874155043,1431.8859210820158
7806815,2.113221641421318,1739.4391287823616
7806817,-28.925066497325897,1547.7562343676293
7806825,-22.357916345596312,1577.6641301702157
7806836,25.019564321994782,2168.1466437019917
7806839,51.46333969497681,1606.986178936905
7806893,-9.399532812595368,1700.8435721080198
7806900,-24.630420263290404,1202.222453477081
7806901,41.283627098739146,1658.1835724004934
7806915,50.71938156032562,1675.3427281718864
7807049,-0.6780010514259338,1521.589704834646
7807058,29.18345860362053,1549.6363187023417
7807124,-12.344380249500274,1533.2473254221798
7807126,10.304708244800567,1357.1411770571185
7807147,46.70790326118469,1485.4988151059713
7807308,-9.996393380343914,1488.586146953765
7807352,37.47330102849007,1383.6834216019058
7807609,23.348058430328965,1405.4757379493435
7807654,28.504861104369162,1439.2476877830372
7807985,10.219340649604797,1526.6082024337761
7807987,23.05711976659298,1386.2329645863797
7807991,38.437866472423075,1519.664297857827
7807993,8.492462539434433,1470.3090619622299
7808000,-0.029052539587020875,1506.6104990456818
7808009,-22.03005576181412,1450.1499499396316
7808011,-23.86798020029068,1267.1976432254114
7808013,-19.108637858152388,1499.197916001138
7808014,-5.349419264256954,2033.5511261700738
7808015,-24.32960678935051,1396.813477251296
7808018,-14.995225395202636,1459.8285864648933
7808022,-11.276259181857109,1548.6855079677814
7808023,-31.405097949743272,1582.903980981447
7808024,-49.946654165267944,1445.7629111802162
7808026,-5.775845488071441,1515.4231694011025
7808027,2.931288378238678,1407.2043755670927
7808034,-13.326003832817078,1442.7038048451163
7808037,-31.55501226043701,1520.5718897343618
7808038,-18.94650294971466,1401.014675863878
7808057,-19.61388482284546,1348.921602005884
7808061,26.86987127876282,1625.9093396966412
7808062,13.180074609279632,1453.9085523665817
7808069,24.589572865486144,1767.756433047468
7808071,8.648426849842071,1670.5242699835846
7808073,-46.80671813297272,1255.4545761090094
7808074,-55.338027998924254,1433.7897570776859
7808075,-35.48374536275864,1450.0290977289687
7808079,-37.15163828611374,1418.6637939915634
7808080,-85.86833447122574,1463.802120586375
7808081,6.226293189287186,1461.581584590883
7808083,-32.649546553611756,1351.34153901795
7808084,-51.26729114627838,1336.5562343761133
7808085,-40.79389947319031,1158.1514648490738
7808086,-38.33311513423919,1422.167666903648
7808087,-44.70881298494339,1497.1376188839345
7808088,-31.527676862716675,1414.5407398482532
7808105,-5.634335160732269,1348.0170266268067
7808106,-40.4707774477005,1439.0496750174573
7808107,-53.601670275449756,1448.9153227988984
7808111,-22.415834057807924,1404.505773001786
7808112,-25.94744473862648,1321.7462794778953
7808121,-50.48497433757782,1239.781857015935
7808122,-70.6685638036728,1358.4640912543337
7808123,-41.177394813537596,1421.6265521886146
7808124,-54.60417634868622,1205.8594351231338
7808126,-29.20572727584839,1340.13646875931
7808129,-55.03339096403122,1586.564376306477
7808130,-64.77484428167344,1627.140688899
7808131,-37.026477311611174,1325.521511332529
7808133,-71.5820292725563,1464.672645292555
7808135,-59.697268850803376,1274.743382150899
7808136,-52.403228441238404,1305.058197343407
7808154,-16.926571544408798,1400.2300413268595
7808155,-26.937095676898956,1365.2789537335898
7808160,-36.98490719914437,1401.777034053497
7808162,-0.976940993309021,1425.425194454248
7808169,-29.185750278949737,1339.6819075697733
7808170,1.5513837016820908,1230.9824686834718
7808172,-11.056893163442611,1506.1853069664412
7808173,-39.54628093326092,1277.7332944126053
7808175,-24.135887981414793,1223.7270072029569
7808176,-8.73556573009491,1324.5950318071841
7808178,-0.5568245718479157,1483.0039401453241
7808179,-33.69786523234844,1357.7987660749486
7808180,-10.261724777579307,1529.350397712609
7808181,-31.390200358390807,1408.3696937942873
7808184,4.796374806404113,1479.993110185525
7808207,-43.886438837051394,1271.1878240468727
7808214,-16.005067405223848,1604.6144789889347
7808215,-54.33641782951355,1247.2629165905416
7808216,-67.83679065513611,1258.311357313518
7808217,-3.9409844794273377,1420.596242406164
7808218,7.4959514744281766,1500.0681475862498
7808219,-30.61723625087738,1360.7250383917522
7808223,-23.3577985701561,1333.9425957166754
7808224,-16.30667028951645,1325.7499009380588
7808225,-27.263595638751983,1482.653275167877
7808226,-28.715447951316833,1562.7102209090335
7808227,0.9800412359237671,1504.8401063179974
7808228,13.044283794403077,1511.9515280614748
7808229,-2.9793285055160523,1396.6790466974062
7808230,-22.284445486307146,1525.7973215698328
7808231,-24.833698596000673,1374.145799283115
7808249,-45.55856449604035,1519.4008657139423
7808250,-67.04314643383026,1474.0126744714178
7808251,-33.51676767635345,1435.036351696367
7808252,-64.34455355453491,1321.849913818895
7808255,-74.01912911319732,1369.0688293449393
7808256,-52.83447700357437,1350.6931229070105
7808259,-53.43557847213745,1330.7003945939298
7808260,-80.28589177703857,1355.616730626706
7808263,-27.879685579299927,1529.914991624362
7808264,-85.7383814125061,1351.9700322425574
7808265,-7.0150634748339655,1408.4881461006587
7808267,10.768501174867152,1369.2856018798582
7808268,-22.07890779656172,1470.570236109577
7808270,10.098019812107086,1290.0236355072293
7808271,28.039974133491516,1362.475437700253
7808272,40.409930896013975,1361.5403870313958
7808273,2.801924686416984,1394.7623917591782
7808276,26.42665156698227,1351.9875841372268
7808277,10.139305865496397,1507.7519982884926
7808305,19.01935445380211,1269.033280629866
7808308,-4.775754227638244,1341.4546252544926
7808309,33.5341446839571,1876.0673295304339
7808317,44.00499134659767,1634.5413373019187
7808319,37.463209661245344,1510.2094152102106
7808322,50.14340680885315,1436.1099976708365
7808345,-56.63623471522331,1412.7707803313035
7808347,-65.57117560911179,1442.4204846640557
7808348,-59.48974180293083,1398.3901293967813
7808349,-42.54496305441857,1560.311869396616
7808350,-59.06566544985771,1427.4418165662066
7808351,-52.773677901506424,1598.6060205470267
7808353,-82.06282377505302,1542.5623273216288
7808356,-33.7281574202776,1437.688508579369
7808357,-59.804260403633116,1411.529949927885
7808358,-17.157712518453597,1730.367880151759
7808359,-44.22491639876365,1527.7131990375933
7808361,1.5651925144195558,1291.2389296423223
7808362,5.538713379859924,1526.8556332457786
7808365,29.48073528456688,1460.7484579429188
7808366,11.591377055287362,1870.8725040710685
7808367,-7.857760822057724,1552.6043234343465
7808369,8.50584629869461,1530.968763131431
7808371,-36.3339931344986,1360.0662156025774
7808372,5.934116892814636,1404.214265541978
7808373,32.65498137807846,1714.570138971122
7808376,12.118611928939819,1471.575796694661
7808394,-22.431898453712463,1492.749561395369
7808396,-12.971637906074523,1606.8869291992694
7808397,-34.43766690260172,1799.7631508610677
7808399,-21.640451307296754,1388.8393763740385
7808404,-4.580789061069488,1272.1259511655858
7808409,16.789034421630205,1476.785741089385
7808411,9.663678176768125,1479.64509483784
7808412,-11.276512771576643,1391.9043284213378
7808414,-11.851287631599233,1305.4307003469103
7808415,27.462468430489302,1353.110190833845
7808420,5.635658954322338,1538.9476871967997
7808423,-14.822212135970592,1306.9744334492757
7808441,-29.895890678167344,1645.470373966596
7808442,1.777970104455948,1934.68978433308
7808454,-72.33039981722831,1464.6097259850158
7808455,-105.66183932590485,1649.1379164145933
7808457,-14.652893232107163,1406.0892017143885
7808459,27.054444058179854,1643.4868244974994
7808469,23.412458726644516,1463.3709185474374
7808472,17.65438743686676,1522.7974106400513
7808489,-39.08340694332123,1485.0220188173964
7808490,-39.60247874927521,1419.7426920663922
7808491,-36.92793493938446,1457.01530235267
7808492,-28.22434232711792,1355.91516808432
7808493,-25.607804011821745,1466.116128796514
7808495,-40.841725125312806,1492.1347888260855
7808496,-56.93786541080475,1385.6440963110135
7808497,-12.532583721160888,1438.956387089006
7808498,-18.16578505754471,1601.1309907516606
7808499,-40.64623175692558,1579.4058720993544
7808500,-50.64406813907623,1527.4292257403015
7808502,4.629315691441297,1631.2421849802315
7808503,-25.96429929637909,1454.5047964954747
7808504,-30.571916501998903,1297.9768955505913
7808508,-38.71597944402695,1379.7287333276904
7808509,-20.433573266983032,1688.5622356052781
7808513,-24.82458313202858,1466.5961283451006
7808514,-43.02254337143898,1337.650963637767
7808515,-5.169806297302246,1446.8644400089897
7808517,-33.815397618293765,1513.1264190945426
7808518,-28.250435873031616,1676.4796462607276
7808519,-39.89695321559906,1503.6137275617568
7808520,-70.56970565772056,1424.010832973022
7808521,-20.338197347402573,1984.1556596103494
7808529,-41.3847968005836,1865.5124242395527
7808530,-24.776917475372553,2009.494190586739
7808537,-51.91323521900177,1568.503934165227
7808538,-32.52754567193985,1526.7069645833114
7808539,-47.07644527244568,1438.9539748561529
7808540,-44.7078679857254,1489.9412311830445
7808541,-27.97831630754471,1478.8130667175253
7808542,-58.747629840373996,1354.4148308896763
7808543,-37.81676482868195,1583.8940966743346
7808544,-39.185088009119035,1397.140129883622
7808546,-22.9382680106163,1679.7744695074612
7808547,-41.682545062065124,1587.5360393867707
7808548,-64.1278816652298,1309.9883527768527
7808550,-17.408959774017333,1491.5132545466868
7808552,-10.292397780120373,1484.6261412155015
7808553,-50.18904969120025,1385.0731705975636
7808554,-36.97696546363831,1514.4566992832108
7808555,-37.35388852310181,1426.11143858403
7808557,-39.836297386169434,1469.7206027123275
7808558,-52.40710830783844,1370.9163604236742
7808560,-45.165464582443235,1236.0675769524894
7808561,-27.455261995792387,1564.0449166393562
7808562,-68.14029846191406,1403.36660938285
7808564,-41.729209802627565,1345.2978272073783
7808565,-19.895745754241943,1595.6814209180927
7808568,-43.631134676933286,1314.9821336940822
7808587,-25.326060985088347,1456.3508299386456
7808588,3.340309238433838,1456.2254390564801
7808591,-31.917871789216996,1431.6457601348764
7808592,-3.7093871450424194,1437.1153103856482
7808596,-22.079740946769714,1502.721614692266
7808604,49.473347787618636,1677.2050873667122
7808605,2.0856329753398897,1348.8278271889012
7808606,-0.34422974348068236,1474.781750806766
7808608,57.11871646213532,1799.4637848494249
7808609,31.787119113445282,1472.9394511713604
7808610,39.54936772584915,1360.127018056176
7808611,31.10383258867264,1515.9177086077152
7808612,13.246978773593902,1559.5817794018717
7808613,12.888534286499024,1497.137853778987
7808614,37.786180730581286,1610.7530719867013
7808616,31.59994990706444,1401.8897976943567
7808633,26.814003015756608,1499.7535779613006
7808638,34.78456644320488,1469.7076834820928
7808649,-54.21861606216431,1403.3606748366692
7808650,9.669599010884761,1577.0529233691293
7808651,-56.99378334140778,1876.352965835576
7808653,-23.65381309366226,1628.3600139873552
7808654,-13.893886801719665,1560.1280530796269
7808656,-38.49667718720436,1305.3556447375634
7808657,-58.019617873191834,1480.0084962275191
7808658,-70.89112752723693,1408.1873815440579
7808659,-56.19015803718567,1374.470268576759
7808660,-88.73352605247497,1412.9068733861486
7808661,-66.3310966053009,1344.660529060678
7808662,-59.80478658103943,1498.876258896994
7808664,-39.66432158589363,1507.037964795697
7808665,10.590405458927155,1478.337568106451
7808666,14.672642730236053,1551.729138972916
7808667,-37.29479550886154,1479.269644148583
7808668,-19.33433457517624,1426.6013475370269
7808669,-24.488376611709594,1516.2055807421184
7808670,-32.80502132344246,1479.4161367775257
7808671,-29.76022508430481,1441.764715970949
7808672,14.827408470630646,1505.801903175845
7808673,-23.74122694015503,1403.6025121426055
7808674,-40.66356895804405,1400.0623046469354
7808677,13.92598839378357,1470.8889785117692
7808678,-10.737810155630111,1532.3571807660232
7808679,-10.359413133978844,1591.9548666800474
7808680,6.174030874967575,1362.8222688810115
7808681,-37.65037228858471,1505.5411426178568
7808685,-23.094623705148695,1562.9104794904024
7808689,-7.831143002271652,1430.989014170023
7808690,3.5275594050884247,1604.8941653489092
7808691,-31.889960639238357,1482.5120587149438
7808698,14.663486491203308,1532.212481264597
7808699,-2.6730963094234466,1394.638317831726
7808700,21.8570571103096,1569.64074256712
7808701,-12.3484957742095,1397.5918431156438
7808702,6.746445470631123,1641.083375238387
7808703,18.261541207313538,1469.3456720904862
7808705,21.929414143562315,1494.1060029695004
7808706,19.542815946459772,1544.8371066038721
7808707,24.81238553082943,1599.218340665386
7808708,-24.934063322663306,1540.339637811361
7808710,22.052690739482642,1411.2245966453743
7808711,12.46505067563057,1494.2197855065526
7808712,-2.4783143916130066,1634.5198937948091
7808713,-50.83057569265365,1509.6353320607143
7808714,-23.943689393997193,1494.8683843338908
7808717,-33.51670919942856,1386.143276429854
7808721,-24.649551909446718,1474.4891735900142
7808722,-38.6519356944561,1853.0486119273028
7808729,17.93330893754959,1631.960220553377
7808730,-9.230600398421288,1551.9588754978508
7808732,2.7790572106838227,1437.2580947747238
7808733,1.2651400017738341,1564.268580549905
7808737,4.121318601846695,1338.5694435217813
7808745,35.50811184174195,1669.7675612858918
7808748,19.482562262780963,1267.4587628992383
7808749,21.213264508277177,1477.4993085615815
7808751,-2.158313575208187,1338.7145721315062
7808752,-8.566394622892142,1408.354307522325
7808753,15.53333511158824,1541.9768956467906
7808756,12.397418881475925,1513.5474232484296
7808757,20.754125465556978,1416.773774039009
7808759,18.436121801018714,1797.3348540250736
