ID,EBV,PEV
1087120,-0.031918113511202495,0.06584834810589449
1085618,0.41179212485317424,0.07879530973289672
1091040,-0.3658072692472567,0.08785266242845281
1091686,0.09233484013352034,0.0845230733923309
1082624,-0.1895522740646289,0.08887665468042426
1088628,0.20160243393965677,0.08592420179489121
1088644,0.4536529774606413,0.0817472106897985
1084648,0.4127455666111801,0.08422895055763163
1083276,0.1517803040163243,0.0975395588891361
1084112,0.048580441406903666,0.08173268548532138
1094004,-0.34411209391271075,0.08740182069761383
1084022,0.20032652934287026,0.08444989000375092
1085330,-0.4386482758620677,0.08771987933206733
1088676,0.4469205024155084,0.08372781310698889
1088606,0.7740836136952649,0.09359592352700442
1080862,0.11707576400741695,0.09320349135617285
1090712,-0.1321487438425062,0.08834370536508658
1090718,-0.32358194790274786,0.09219188503703513
1089706,-0.01876705363995222,0.07826857846399503
1093734,-0.12264993569150147,0.08271886590848246
1087716,-0.2427722737932871,0.0798103732325041
1088416,-0.23259952016904722,0.09000217346101583
1088384,-0.06111156459132685,0.08083252087259465
1088608,0.20673436955907387,0.08623316151845743
294054,-0.17568285007947046,0.08913480512292468
1082458,-0.14462050672072232,0.08627367055780487
1093220,0.0037512498304537885,0.08487989710571199
1085674,0.38703666798659997,0.07776574375010813
1092304,0.26965540429756446,0.08611923788894554
1093272,0.22783524645289413,0.08814810404163749
1080958,0.21120084382421964,0.0959131273944789
1088278,0.025763374038924137,0.08112102591455352
1090816,-0.044066772475168756,0.0834647396025695
1081278,0.24385441991356246,0.09062877835857987
1088664,0.4317011540480455,0.08107861025273592
1095268,0.08005471158453988,0.09569987765992923
1093708,-0.5355667097809442,0.0906733994114779
1083844,-0.04591067920704292,0.08146060711062017
1089612,0.1613086149034964,0.09436572734784379
1087932,0.6400134929981447,0.08482490869055659
1088686,0.43536246700031733,0.08100489463931036
1084228,-0.04370456131698261,0.0891385823896605
1091092,-0.0759701401542854,0.08370033437153464
1083348,0.23206675698851723,0.09490773303094718
1091656,0.3120556103063761,0.08021118066315908
1090758,-0.10178269551593039,0.09229092045837466
1091204,-0.31475161596282625,0.08423231240080259
1085738,0.5241859295816745,0.08054216422129042
1087834,0.5491921339428557,0.08510897774050931
1086654,-0.06313391518318048,0.08168393739624372
1087612,-0.31201061285811854,0.08577334128746991
1085408,0.5563140666845704,0.08524474837427273
1081892,0.4491684910631039,0.08876301946231469
1092058,-0.623984998250714,0.08261951562162419
1087808,0.45881261288121006,0.07748785781951474
1084654,0.036111173159191975,0.07670451328450002
1091310,0.007935488508973205,0.07964435827050016
1089606,-0.06674884979805451,0.08121599204718886
1092224,0.017502925245882397,0.0848763114772989
1089374,-0.1868010442500074,0.08921994856090013
1085648,0.41036447716646324,0.08573259251791407
1082694,-0.17703758764800304,0.09010909669410615
1090922,0.020205673760015395,0.08523308774415618
1091020,-0.12369169453049501,0.0896751588136382
1093256,0.00835370120925875,0.08266032447563035
1086314,0.4047657368792797,0.089175478424153
1091720,0.31986809256266907,0.08117996883176884
1082310,0.05020676768588524,0.0913089550455396
1092896,0.07314133659268422,0.09101831332300728
1091336,-0.1851396274591251,0.0863055951907267
1093408,0.08339501057826233,0.08635500730717902
1086440,0.16533004149864855,0.09549197309275245
1088826,0.5930011064915207,0.08693963881547756
1091162,-0.07474682291491569,0.08945304574616968
1089356,0.00026567088824160583,0.08981398213984278
1082004,-0.2831378237841005,0.08140553752367793
1085036,-0.1510066370211891,0.08980483889962854
1085876,-0.1449296278022331,0.08926167821222189
1092076,-0.4464083904049512,0.08024486141656431
1083102,0.02448276847030993,0.08793962439830834
1084710,0.11903082516220129,0.07696922307671969
1090872,0.038885132961034595,0.08538290025629827
1087830,0.5119148315239537,0.08726611423693331
1091732,0.16209966448655921,0.08026337945148386
1088216,-0.06424786464662717,0.08172306378072786
1087032,0.02866794897179732,0.07872222425244739
1085034,-0.011909465257575372,0.08421083468756009
1082418,-0.02906797179760929,0.0854071489561629
1091048,-0.1785593664838198,0.08122339084191471
1081634,-0.13003460783137585,0.08581539661312565
1091706,0.030349449461026842,0.08608762102880284
1082532,0.08852760720866582,0.08455565438702174
1092354,0.19067106003002768,0.08594774608559265
1086918,0.27937283122244655,0.09186167596446465
1088634,0.4744045589401954,0.08317294141671526
1085462,0.3798817526572675,0.08505487554389816
1085070,0.2273911464226093,0.08431378525384128
1084624,0.25461677185897724,0.0791108002359424
294374,-0.2774925123651125,0.08245704785101159
1091596,0.12330818981041634,0.08760779537957025
1089212,-0.007469307952966401,0.09046083800557662
1082510,-0.06803741962171682,0.07947364486063571
1085486,0.32646930921418027,0.08355977760674436
1089708,-0.10627253325975744,0.08727473080805023
1081274,0.0357361164837845,0.09224580513669509
1088690,0.3134279962186933,0.08298961814140676
1088282,0.1072463902783519,0.08026987160605482
1080352,0.11606306197286877,0.09009304456447453
1085708,0.636018952134179,0.08244258785141123
1088876,0.6612545766374179,0.08623746186685195
1093506,-0.21447396165895216,0.08671640893104812
1082148,-0.34095426507879784,0.09557436760420002
1091050,-0.29187230186654134,0.08901938703857515
1084618,0.25839852750459935,0.07762502693825164
1086982,0.11486461969610111,0.09545583849721527
1083812,-0.11311263477409425,0.08421275072281782
1094006,-0.31497703084324696,0.0827651897965447
1084354,0.053500978953023956,0.08259136642224642
1084296,-0.004746154329422023,0.08374943778376259
1087660,-0.2763260571147841,0.08570340953259083
1080848,0.10757220317164037,0.09625005822021143
1093812,0.07055445667158931,0.08276226936054584
1089646,-0.1721432879213174,0.08375938712451024
1089234,-0.12699052143864847,0.08288357322932666
1084298,0.0198573657550007,0.08558859825571949
1081484,-0.05417238632833946,0.0785960591504158
1084232,0.11235965287460539,0.09241144795298366
1086224,-0.021186752222123857,0.08606551653647426
1093784,-0.05742149353458292,0.0839053501321862
1092036,-0.3474530774817147,0.08294250440697046
1080222,0.08770724614297108,0.08723900227852148
1085742,0.5273448103632938,0.08194783200988202
1091226,-0.18331532981560839,0.08408168057540877
294350,-0.33587644720411447,0.0865546153023846
1085698,0.4853497195156384,0.07874115845142642
1088626,0.2103267410574047,0.08293606988276984
1091682,0.23162175460874077,0.07987493977885637
1086256,0.22760035430423076,0.08680407995943813
1095386,0.06979663314552535,0.09416938900053234
1090770,-0.2958760049346452,0.09166249104548577
1081598,0.0009018575229458413,0.09243533149491956
1088666,0.7483698793445739,0.09293912131252065
1089220,-0.1329725672441472,0.09601304830133607
1085332,-0.4042785829684476,0.08629151286782215
1082134,0.039662948116523884,0.08278028302480814
1084404,-0.26890557267023313,0.08246851390415537
1091438,-0.12600685494771824,0.08161134931541443
1085108,-0.24097341839600123,0.08626247536545027
1092042,-0.560279794936412,0.08464161079391827
1080428,-0.07359858575391022,0.09407703867174279
1085712,0.4230295656864853,0.07889025765057568
1082164,-0.07392510251508093,0.09146285684221481
1093754,-0.18285873096057545,0.08439796444994406
1081412,-0.2428470906900348,0.08583668852193994
1092222,0.02190942402320826,0.08476704746939191
1084048,0.6618170764716685,0.10804175510758397
1083234,0.2053700647799268,0.09162025734242633
1083818,-0.023123913155678816,0.0816222261639972
1083946,0.11730441748989225,0.08455886307681357
1094054,-0.2983380934636468,0.08839412559830456
1086884,0.42485899997674914,0.09912879114323603
1084050,-0.14380160276995888,0.08946310166986195
1088230,-0.14235038602060912,0.0807789951058994
1094118,-0.46711384271481193,0.0832382579321342
1084092,-0.1342032727456913,0.09321918174624681
1088212,0.017170303306431694,0.08034755154961087
1087250,0.10229756559463753,0.08906365208996837
1085612,0.2602369635160961,0.08204787549254032
1090852,0.17809650939925373,0.08402932710342059
1090098,-0.23432244383085363,0.08446943886225104
1081330,0.21013827873680752,0.0926458999200414
1080186,-0.3312154577805048,0.09420820736716393
1081358,0.15914255067893845,0.09051957921735847
1087458,0.5043452449714357,0.09129146728543111
1089844,0.06163908557954137,0.09628397869513272
1084122,0.0778121412825757,0.08343869549738883
1084346,-0.1627482424943856,0.08318492299474103
1080622,-0.2957353187831102,0.08467701965837718
1080920,0.10770625328563666,0.09655191962974238
1086408,0.11672671683941878,0.10322035235273162
1085780,0.4814252182585635,0.0832991590016711
1084406,-0.33367303835636575,0.08597231173394136
1093712,-0.21800529970384477,0.08551696292697236
1091068,-0.2325420629508325,0.0888482745169956
1094066,-0.15400191431811092,0.08712497631517747
1084642,0.4796289335130845,0.08267675104322295
1084248,-0.016714122041300666,0.08988073911439624
1082618,-0.15632308827446587,0.09591867377837428
1080886,0.0990613955713589,0.10053724106352019
1092168,-0.3522457981007738,0.08179383920007494
1091608,0.3538419427568975,0.08374897477863347
1081450,-0.12953938020911532,0.08790170792148073
1084462,-0.2554011857410119,0.08229480842308631
1080830,0.18200759765221777,0.0905833841658051
1090412,-0.21294929109460373,0.08762211158790816
1086032,0.17977614093369057,0.08169256710764779
1082696,-0.12436154600535551,0.09190725549799533
1084408,-0.39403471771370796,0.09193808536116127
1090104,-0.2587602286742334,0.08793210042708956
1086910,0.08255306916883674,0.098317775233701
1081842,0.5272619327886903,0.09699521933269445
1088822,0.7896630002934346,0.09262910175861504
1081570,-0.37291481631782536,0.08669945542233749
1084272,-0.0436733141314855,0.08219854022412819
1081342,0.1302557301822963,0.09133089966654107
1092890,-0.12973480155280706,0.07937773921885563
1081724,-0.15698133872435804,0.08053020554861214
1081270,0.17792006730231433,0.09099744948915287
1087680,-0.5727058964769352,0.08597287171908868
1092416,0.03310537480555,0.09040732617629318
1081692,-0.19009735888246077,0.08274994830341702
1090422,-0.04458252735719393,0.09127732289368282
1092320,0.047181909149057163,0.08332470621834359
1080030,0.29444633126053205,0.08780390458715803
1086914,0.4262417103976133,0.09430553822263629
1087124,-0.1470370893040549,0.07880722976859414
1080408,0.029922084749261155,0.0900448886722934
1086634,-0.007075055326348368,0.08285486348379806
1091018,-0.05902093764237213,0.08546954430914479
1088014,-0.10992196336010368,0.0881903302998575
1090442,-0.2595447642957025,0.08911542448436685
1087040,-0.1652174767683194,0.0800251456513049
1096166,0.24097922241037087,0.11446543774305366
1091060,-0.06809861029980324,0.08606578391524873
1093606,-0.06521676287321998,0.08146519560801171
1084734,0.07050707210793083,0.0749023670543277
1085980,-0.023634225124719462,0.097019163806206
1094112,-0.21404140966998883,0.08500721571914402
1082412,-0.1477178312810308,0.08983937766091257
1090652,-0.18430886218835119,0.08833548117930051
1092560,0.14321084025769773,0.08626104531296626
1093222,-0.0062914081389301,0.08757175742741696
1086438,0.01033711388137072,0.09276702849583426
1082584,-0.07135273589438342,0.07852700127195303
1088936,0.6685723187360593,0.08378080570211098
1087822,0.21894588593532266,0.08734489522918139
1082210,-0.0009633533626857058,0.08196531742145034
1084330,-0.11366608776306802,0.08282724563981661
1095230,0.034392047389935246,0.10079452654477869
1090008,-0.42265226150806845,0.08377928185350898
1084006,-0.25430962754094605,0.08761117767564942
1083204,0.10697466500678943,0.09068935042427337
1080086,-0.07799879589099651,0.08176302310467792
1095934,0.08271174279776276,0.11066998735315371
1087620,-0.18062705286191869,0.08466169861010749
1092922,-0.12684644557260602,0.08813558530187081
1080646,-0.18063243097128306,0.08988260782786828
1095216,0.027687507972751775,0.09886140847483468
1093934,-0.019723680223584627,0.09097500024851661
1084172,-0.1299625119296616,0.0859726133421683
1083820,-0.09400992172288404,0.0837374323966106
1087324,-0.10693730604027389,0.09248869068477107
1091014,-0.16769548892201414,0.09075362841906363
1091646,0.19396140419938285,0.08137979453154812
1084732,-0.1549403292863808,0.08417617437580135
1093778,-0.19217336528782133,0.08261100518082752
1083922,-0.19142901712215327,0.0857568726113106
1093440,0.09080373389089143,0.08793011078701418
1093262,0.024454035669782617,0.08412543243659683
1088842,0.8845045982500633,0.09393377558029893
1091232,0.03180424576077429,0.08856380933991807
1088010,-0.18968745734982834,0.09120227846093272
1082562,-0.10209242687691383,0.08342618039029845
1082726,-0.21130163188158796,0.09136017924850005
1092030,-0.3911782253098422,0.07978102523206672
1091302,-0.3652355226109595,0.0825023783284999
1084630,0.1401447707077739,0.07758232727604408
1081650,-0.2730657822899358,0.08513680349380759
1091552,-0.09557445634578614,0.08270780903515358
1084516,-0.39325642227846486,0.08614857871017481
1081260,-0.2099174035876513,0.0897727354925138
1086326,0.2016339500031796,0.0867561729934614
1089626,-0.0012052417717510378,0.08551668603122725
1089254,-0.13482945803027396,0.08593721406017807
1093216,-0.0726134007371769,0.07890632075082571
1086920,0.3914598548357166,0.1032317046407111
1087078,0.057335732386505765,0.08015800162716419
1089214,-0.047724698877114564,0.09010072634327712
1090636,-0.21301767031149335,0.08352255835295946
1085276,-0.35810798754730144,0.09553178747053587
1085430,0.46572575399661653,0.08510306103593747
1086512,0.03855431728419877,0.10015116348837946
1088040,-0.09978267288734392,0.09313383746180037
1091666,0.3141865961486569,0.08107012478372808
1093360,0.13645402761480033,0.08074227084814507
1086718,-0.07996074952138221,0.0842422077507082
1088638,0.4601615679641028,0.08650341969892135
1080116,-0.009893320057061292,0.08648850374495835
1082218,-0.11203621308049187,0.08511927918438109
1082644,-0.1755550390858552,0.08986700214420579
1087454,0.26847550830656103,0.08431486940416827
1086658,-0.0345813961860248,0.09137575842006344
1087330,-0.025364688071300656,0.09191240504076505
1088430,-0.46391140760191385,0.09109993005311985
1081862,0.36786505500769046,0.09011251452716376
1082288,-0.06149075812461799,0.09085533509849471
1093214,0.138219636689898,0.08348708112845941
1082098,-0.23346808631873206,0.08856115565505411
1080282,-0.017909738781735796,0.08696639807320761
1080132,-0.4507281424716519,0.0954630340688315
1082182,-0.07631623859307074,0.08350997428740749
1094050,-0.4257292858801848,0.09157297131921463
1090428,-0.2960712410906016,0.08713311026594979
1092044,-0.387921697692678,0.08553861322691031
1085414,0.5748770742261857,0.08606724883896655
1088044,-0.02595303195331955,0.09163630999618161
1082048,-0.1626316640867599,0.0832015309418766
1082234,0.04046702817651133,0.09071156790569383
1089722,0.024490793726672892,0.08625383614767071
1087228,0.09909481116831377,0.08869362211209592
1093296,-0.034922458190445024,0.08539277951954115
1090446,-0.02580926105648327,0.08455443265844693
293480,-0.01048234151372601,0.08522106031913115
1080212,-0.0741740526517019,0.0893785066430865
291400,-0.229454322225089,0.08732245935876218
1086466,0.17170299317531318,0.0987632413157102
1082058,-0.17829832467498172,0.08364465126627728
1085244,-0.22650244422085106,0.08734711620874194
1087616,-0.17813213906019318,0.08733663381635114
1087522,0.4296041538220342,0.08987011979162049
1094136,-0.24765775914703417,0.08419478733748817
1080174,0.39974255759137395,0.09159420008701959
1086186,0.004385151916103796,0.08756345395122522
1085058,-0.004457815414404743,0.08304841793542572
1093686,-0.24368452795795234,0.08618305167533395
1082040,-0.058564973438298466,0.08182796717696417
1085610,0.2694521921464805,0.07999753331085513
1081440,-0.23969294020761037,0.0843122869173238
1088030,-0.1251582036788671,0.08751020912550476
1091778,-0.16164494406317745,0.08331741766841627
1081868,0.34122701668527883,0.08760183264557297
1087526,0.2003995124202987,0.0886308507782901
1092032,-0.7086206966002514,0.09613035269981482
1088622,0.2762042514624166,0.0855763845468163
1087062,-0.20726671018135276,0.07928295216600609
1094030,-0.1459808189516081,0.08657112431393295
1087828,0.5827619011479809,0.08061853759391316
1090418,-0.029050598862248353,0.08630189895707205
1088848,0.4599641347679788,0.08966906696808706
1092026,-0.06453981941432091,0.0885073151575336
1081588,-0.1600342723537239,0.07944615741217004
294266,-0.09465284644004829,0.08597623008817211
1085744,0.22128190655775698,0.08649132103565073
1092512,-0.09291380377574784,0.0918654633894183
1083074,-0.17931368061679728,0.09112944097588162
1081896,0.1918066377748835,0.09001696926862203
1091598,-0.10985600038628764,0.08614776382957844
1093212,0.09790852920985615,0.0863599623672032
1086622,-0.21696551481307041,0.08961924114229654
1090982,0.036648412896609764,0.07737500529591243
1083876,-0.18029070967051775,0.08828291004977437
1091418,0.0837291980354147,0.08806927741259626
1090456,-0.07091286527414387,0.0884406731897801
1087820,0.48781603922969224,0.08100325049998262
1088220,0.019638633021380133,0.085444383475706
1086262,0.08951674299483042,0.0821074232679528
1093258,0.22466217462880322,0.08706394682669778
1080360,0.0162863810424241,0.09301638462568322
1086528,0.157395221601109,0.09844846285155918
1089816,-0.02945218904743962,0.08959370632475418
1088452,-0.0722587866948964,0.08853134565023131
1087846,0.5296739030877055,0.08187809988500003
1091054,-0.049442941916303,0.08342050441933893
1082428,0.09903454162365101,0.08048057799925465
1083282,0.3885997456314454,0.10257991595850167
1088052,0.004625022781403306,0.08966889550912815
1081696,-0.11601189393044735,0.08496629748167091
1080916,0.03704135739941542,0.09972863712820665
1093234,0.07317878414857366,0.08567812737342698
1093764,-0.2502404992661943,0.08397174329887563
1088056,-0.2542225993583009,0.09250714883782854
1093528,0.08754818673851597,0.08185890510668942
1093510,-0.13697337236342763,0.09609124002882394
1088836,0.3312704811042115,0.08897310121111103
1086962,0.052289197030447064,0.08692539195121456
1089992,0.21313272109497575,0.09104215739650762
1088620,0.4793778934109003,0.07861586508208891
1085164,0.035406815863149366,0.09302839204629253
1085440,0.4418063696729602,0.07890168019081618
1095076,-0.19870335515887036,0.11675751551619892
1084212,0.0245476318141676,0.08505172675714687
1080024,-0.04916411143155225,0.08479381059551894
1081828,0.4020267797731311,0.09279017351227258
1082260,-0.061593474659334346,0.09538871794433239
1080964,0.08805085343797259,0.09271550248628424
1093340,0.20975020520248008,0.08203688939751694
1085470,0.030937565581523562,0.08171182038423706
1080178,0.2462585827131105,0.08949229039269453
1089634,-0.04509023786160862,0.08231277699497407
1092438,0.04221023078667287,0.09364960816364189
1092326,0.03871292655631853,0.08984432708366163
1093818,0.09781480791419857,0.0852804377507365
1088422,-0.28178441540717597,0.0923805549756286
1090746,-0.14753810386511518,0.08615194214901235
1091212,-0.5089682574248116,0.09067723601831246
1088142,-0.11912426536265809,0.09160784057400048
1088234,-0.08040961937756322,0.08254074363057844
1088260,0.09549894465512036,0.08296827757015614
1093844,0.20084264812417668,0.08470940058120296
1091660,0.3606455835042057,0.08241981808175637
1093228,-0.06305488055403786,0.09125972659793186
1087644,-0.3835551052873265,0.08764509513350555
1087848,0.3847117679777765,0.08748367752413938
1080148,0.1349749707285456,0.08541653757345377
1082596,-0.05511267336576962,0.08073292199560114
1089210,-0.13818330705996412,0.08959891410000999
1089934,-0.02526849687094989,0.09033426686484289
1085242,-0.22323326496240098,0.08794585184295392
1081980,0.46585753792947254,0.09187062059464542
1087352,-0.1446813037895512,0.09167613132008902
1087618,-0.4241168813682948,0.08521704367052681
1089702,-0.1436098056090139,0.08270352777989962
1083298,-0.04869161439432205,0.0996801106625053
1093810,0.13779462265285278,0.09186712446017999
1091038,0.1117668648060977,0.0879980751750361
1092498,-0.10216701925677255,0.0885994785219107
1085476,0.10096082164306237,0.08335594248684663
1080314,0.10357458607141182,0.0856842299843084
1087786,-0.2463137547812955,0.08763716261396824
1092894,-0.11224033812748159,0.08617571102261533
1081916,0.21555250972858112,0.0878569160920426
1084422,0.019755624986120816,0.08628276152564751
1080276,-0.06422352265744324,0.08316188949597982
1080730,-0.24741815751609997,0.08788403923743389
1087286,-0.21956915445484346,0.08803854516005312
1081408,-0.26414634831179273,0.085585923015499
1087006,-0.0741947309848026,0.0784849693379184
1081436,-0.21006709686731184,0.09373112905666535
1092014,-0.5584606020395846,0.08347363376443691
1084042,-0.027946942008859554,0.08540378127308577
1088412,-0.15187284684184843,0.08838825588020811
1082342,0.07620676545174146,0.08385830382524581
1088846,0.5353408577658744,0.07938979887901011
1087430,0.2317392241882252,0.09153911525251193
1080214,0.048371799483292094,0.08813836204156396
1081894,0.599503308919138,0.09612607140067031
1094448,0.0213579067885239,0.11404113322265197
1083012,0.03213980645506662,0.09174252873896845
1092820,-0.011992138373054278,0.08522455323878553
1094116,-0.018980982671431196,0.08624223232283758
1085340,-0.4389225229479137,0.08954286117335175
1085204,-0.21380093680112514,0.08879791121281211
1084644,0.19940845700255985,0.08022176662864151
1085054,0.04283149079224787,0.08292244583813481
1086514,0.2247178800037236,0.10368738503609869
1093974,0.35791051052346506,0.08830513737811152
1086152,0.1484984420262169,0.08312466868279897
1090818,-0.2505723372405896,0.08581889392231623
1082474,-0.17610578974720653,0.08521272332684583
1080874,0.13273102361822858,0.10750190405611798
1083858,-0.2972945876860783,0.08669894026639959
1083838,-0.08441372452969363,0.0796600063458669
1085274,-0.28908210605318757,0.08808402518583822
1085436,0.624651874618094,0.09111952754735288
1086518,0.021604300421197747,0.09253923874089229
1080472,-0.2113004075072755,0.09394798581461533
1082248,-0.09070621261848902,0.08129647650603038
1086662,-0.07845672235665317,0.08556697621220727
1090810,-0.05798639733028926,0.07739338387825971
1085704,0.3445414521517836,0.07828623238521568
1087318,0.11269024991536412,0.08625610748846686
1092020,-0.9079944542592446,0.09914296689911875
1081720,-0.3305291231964875,0.08570929137163177
1084222,0.15087708842115571,0.09232149350971453
1082404,-0.10914913056713235,0.08517160177297939
1082180,-0.06493467738808553,0.08921320685210243
1080644,-0.42638328717393215,0.09315600456257016
1087810,0.5812382787627289,0.08805659434583361
1090218,-0.4348111783892573,0.08989688473082962
1084712,0.09031065951349718,0.0778852022156538
1094160,-0.04405075972337056,0.09245448937082724
1085424,0.38462812292416587,0.08222910800457421
1081846,0.2869337260294259,0.08860086385551523
1091566,0.11649807098544145,0.08309924339609634
1092926,-0.27778736876547855,0.08667386233475156
1087364,0.0375364724153496,0.08919118073391423
1090258,-0.2950804589494406,0.0919283543677829
1093860,-0.0336198860832069,0.09300952804571347
1092418,-0.11062549931855738,0.08408402173042698
1084146,-0.08639875009556246,0.08953274208787407
1087626,-0.5329331361508372,0.08826060637423405
1087646,-0.44744937893552317,0.08448559396436946
1080372,0.0895339985058411,0.09041598620089955
1091028,-0.23133673196163526,0.08284964804704087
1091034,-0.30999275404870696,0.08747643014388522
1080492,-0.05939754601985414,0.09113691553744985
1086352,0.37814398257568343,0.08957644114571912
1087506,0.049870498986676594,0.08335396568032383
1087218,0.07930830311815319,0.08717237003694599
1090250,-0.20887397665641766,0.09089841634460533
1090632,-0.05801049883450857,0.09398474043261157
1090048,-0.43679629848740387,0.08034385021357011
1093218,0.1495813144465406,0.08326263041989268
1087528,0.2749288199174448,0.08346574644816257
1089828,0.049791403076523855,0.0895539873582428
1091012,-0.005937292962983512,0.08622480197350792
1087234,0.03015404642425042,0.08447332215505136
1080140,0.2718885886889992,0.09214904833778019
1083054,0.11224703931628115,0.08816400037744213
1091254,-0.2653922101454563,0.08685241387329017
1085454,0.3941640985582822,0.07939680855685602
1086532,0.011557126002919804,0.10741389015825091
1080814,0.1659369598736273,0.09985615547961349
1093658,-0.22137594650067113,0.08791744658122745
1085434,0.35507430276831936,0.07874858735422649
1086646,-0.06974272873499993,0.07981896234494149
1086056,-0.21218429885310253,0.07716523710546395
1090324,-0.6758056300804632,0.10181550950497363
1089912,0.15483665081885511,0.09133599771120411
1085624,0.460552596177823,0.08137730459067789
1084414,-0.2274878517467021,0.08307011572685148
1081810,0.28586039058756113,0.09387015520879949
1091238,-0.4035003036402853,0.0842339642977834
1087642,-0.33368771580841206,0.08111343930463001
1085450,0.3856678236620548,0.07785200124343185
1085916,-0.15534396058078173,0.09107096890873805
1090618,-0.17789608541564947,0.0871776382236781
1090028,-0.24488635354596291,0.08726115806954589
1087022,-0.3821710277330948,0.08554479033508185
1092016,-0.23650823948138913,0.08654629150029505
1080608,-0.11533828176057455,0.09012438782439355
1091554,-0.12466622424835859,0.08911033345511303
1085880,-0.27593426332913323,0.08878531154943547
1080494,-0.0889507030128324,0.08929120859719739
1087034,-0.12341858731987909,0.07519930167071347
1080656,-0.21417034250242578,0.08885279661722824
1090716,-0.07665147480198684,0.09135836098298226
1085024,-0.0339120765068706,0.08548766941455273
1085062,0.1560004873888058,0.09217370317521831
1089226,-0.10069412943587767,0.09069760368362398
1082140,-0.1349401426597191,0.08304587284213774
1089244,0.09460770264582619,0.09256858538631987
1080228,-0.1745349772820229,0.08975837699764888
1086642,-0.224644653539529,0.08443524765937202
1090978,0.31061876249046927,0.08610709676492086
1083284,0.014750048351720307,0.10098387288346648
1090856,-0.2315741784585399,0.08947374483692347
1093458,-0.03316866762719952,0.09212975491131033
1086158,-0.1322382653555067,0.08099181311656756
1080782,-0.508015226352528,0.09161683975756438
1080478,-0.08585456561066238,0.08779740515668802
1080420,-0.1685635400508992,0.08826564186226488
1086420,0.13864998703495707,0.09259153534602155
1087508,0.32919860183629945,0.08879518326461087
1084478,-0.20509686640813082,0.08962036204025153
1087390,0.05296242834402301,0.09083646352246813
1081442,-0.07813472321074966,0.08611543769560166
1089966,-0.16603691031889198,0.09163954068075526
1085354,-0.41025310852820357,0.08825363290889665
1089842,0.01306588328766556,0.08602152567004764
1085032,0.06037945183986112,0.08341703358528439
1089916,-0.11926388758485153,0.08825290797109288
1087694,-0.6491861741120444,0.09453317655602066
1087654,-0.32033690907023976,0.08590893910606892
1084568,0.203592569594709,0.08886552810013339
1086640,-0.21660318687906083,0.0808283128834916
1088468,-0.1449114298452142,0.09088015668530056
1088254,0.08505919381086041,0.08547102422823648
1084524,0.022955146082633302,0.09325379326946315
1080918,0.11529729945738663,0.09656182667040854
1085664,0.2303239612044439,0.08244443268188573
1087426,0.1840018926400806,0.08850829993424973
1088668,0.6618056859484064,0.08069298845142854
1086260,0.2600461584556836,0.08847956529465192
1088456,-0.19767078248449632,0.08516294085875464
1090130,-0.4808450683181509,0.081890419417965
282200,-0.19506929766492212,0.08274591322906896
1083062,-0.18820946305629094,0.09325551066369957
1090482,-0.05829585578445185,0.08549552938954023
1085418,0.5385004211093568,0.08196621019401172
1081414,-0.5470618886132356,0.0875587774212087
1086068,0.20163782737711294,0.08254799832786655
1081244,0.30153072116023477,0.09753884468502068
1090672,-0.15832921758932583,0.08633844557115439
1086064,-0.34828415691368686,0.0872526608005163
1093862,0.08381783350725545,0.08547742021720384
1090230,-0.24972764357865482,0.09482845567373414
1085438,0.3033513731813382,0.07897262699108962
1089712,0.27914738075896806,0.08533599520053481
1088272,0.048281206499416716,0.07962390101021592
1080238,0.13087464841207772,0.08886326163899808
1090772,-0.4162551935610841,0.09480867676546367
1090690,-0.0851742850936075,0.08549678668976995
1089724,-0.35673869896966254,0.08551350145166939
1087776,-0.27265725535620733,0.08278478159049937
285600,0.3479978744087599,0.08428448273119292
1086944,0.59504420506972,0.09922835664417798
1081448,-0.33402872616940116,0.08093202873050895
280200,0.10232602110878312,0.0859717081279349
1085060,0.1574220667069616,0.08392119018153828
1081604,-0.1296332434761509,0.09149311848717231
1088122,-0.3389136620899293,0.09237153139448541
1086364,0.24881949322046015,0.08301054677605017
1088404,-0.03334197223664549,0.09202152467601012
1088386,-0.060249692065256,0.08200476375970184
1080786,-0.2851055493991459,0.09002984763665017
1082010,0.03598603687282994,0.08749731400097215
1082614,-0.1674099210114026,0.09676306508129215
1092510,-0.03738018770999229,0.09149222376406872
1082044,-0.044093087728076394,0.08262780805341546
1082250,0.13786364262548287,0.08537337390710936
1092882,-0.13080882098094887,0.0866930052578538
1080332,0.13390902526671772,0.09093792605337739
1088432,0.027787019363235698,0.08732520735082443
1094184,-0.19358187130385573,0.08586400822730857
1088314,-0.11095792992552565,0.08223357124563108
1081642,-0.33620171376881947,0.08603058786323836
1086452,0.19443362346567675,0.0942179896744273
1082224,0.13620765077935504,0.08925604223167505
1081838,0.4798456479711997,0.09355761266218791
1091450,-0.32007128335160134,0.08690397618990249
1086222,0.20384328411268482,0.0907963554976424
1081416,-0.09942909112866653,0.08401582851198794
1089236,-0.060067552851799676,0.09139956707067268
1084632,0.31570670963533776,0.07872368890201377
1080154,0.014735210838365261,0.08664239601191652
1093450,-0.1032334021980148,0.08946238748935031
1080470,-0.22179644961501407,0.08959698557825424
1095588,0.17698996418953775,0.1108717488771446
1090122,-0.31450105595219513,0.08817472197461673
1085724,0.43096494846671085,0.08280302468554196
1087214,0.11235749874709386,0.08735799554923221
1090944,0.22740201233786037,0.08557951186248648
1086074,0.03269759790335031,0.08483880746363247
1085120,-0.2033906026346672,0.08675078781414979
1085320,-0.36334859647128126,0.08650223412919933
1087038,-0.24063930466030337,0.07577789693321986
1092312,0.025112181504013693,0.08264527338203174
1087634,-0.5432060656932208,0.08778437142780436
1081280,0.2675585526975965,0.09229430257841563
1088646,0.4355495057437689,0.08368484996730582
1093626,-0.1827947495007473,0.09267898533197062
1086180,-0.30612891743777426,0.07964501560930302
1095708,0.13395111549776215,0.13169907045080886
1086632,0.14375374831643709,0.08052067895906423
1093814,0.09870359560794505,0.08396027542648236
1085446,-0.17147319167376768,0.09023824153989148
1090204,-0.40044275561776194,0.09499926490234874
1086228,0.15489137545268986,0.08785441203479409
1081854,0.2038598087510015,0.0884760271831515
1085322,-0.35934865075239514,0.08963851544633075
1088266,-0.17938597712396878,0.08427450441931392
1090060,-0.1875239683196454,0.08606674484030825
1088106,-0.18770947455538375,0.09094100858119847
294390,-0.12993612594887344,0.08642598222896425
1085666,0.43877606438364636,0.08028512796004018
1080458,-0.09276594643596568,0.08627095835512225
1084032,-0.29833935487913993,0.08646998380530285
1080932,0.2681382960633036,0.10126601788830356
1093624,-0.13559700108055917,0.08123233472496842
1087418,0.2173575647732579,0.08709760576607425
1088856,0.6739450183432291,0.08965137465408991
1082266,0.04609120270573313,0.08578188229684545
294000,0.10192614337645539,0.08241807604512398
1087048,-0.09350095867104367,0.07883698701261958
1081628,-0.25480782875288116,0.08706474229336457
1088294,-0.17798814030731722,0.08757386839609328
1080604,-0.3728135125584235,0.08683821575169443
1084230,-0.09257153394860677,0.0903516378214569
1080272,-0.0459380677327994,0.083625362613664
1091358,-0.332094513887685,0.08300590639712917
1082270,0.27742795047120583,0.08829607429232801
1090070,-0.35383714625672336,0.08325511301347423
1087326,0.025959678392793926,0.08308395780785449
1083280,0.09442617448111901,0.09348748804284372
1085758,0.31934047177457253,0.0826543859654595
1086218,0.07714799151091163,0.08507138688841873
1086374,0.27638954054698445,0.08553076896565977
1087008,-0.15040181448958329,0.08380694339800554
1092118,-0.6659842771932697,0.08569200752476135
1081208,0.34779167675103156,0.1028929448637095
1090808,-0.046871570695813665,0.0782237494408081
294208,-0.25542127047327273,0.08687172725142137
1090346,-0.447986341445286,0.09697019073918568
1082124,-0.21134857751142336,0.08843127229382122
1090850,-0.016507399520084006,0.07773437723639111
1083268,0.3455641824052668,0.0990042850473156
1086984,0.21442634393074958,0.08952657471733268
1092406,-0.1950306657084304,0.09018403538242219
1092206,0.05250418105219521,0.08639746384014263
1080950,0.17099279357711153,0.09424038670596498
1094110,-0.13845272668756825,0.08847557087364624
1093502,-0.2559075045203647,0.0819267191191138
1085428,0.4253270943919217,0.08155420633828704
1082496,-0.06534562216792586,0.08005754480914413
1084014,-0.10271120814561753,0.08434013436913265
1088464,-0.2028341097172685,0.0821219718196566
1091216,-0.051826788434647685,0.08500802450725026
294272,-0.18431084030372502,0.08443175225672288
1086246,0.3074285715577968,0.07965663748811432
1084730,0.23274835169257813,0.08188530308352963
1082610,-0.1554120790904285,0.08925671184857988
1086650,-0.014639716227794378,0.08173512694176409
1088406,-0.17377064087982727,0.08848193617756642
1092500,-0.13404352680119774,0.09042196120052472
1083288,0.11038762887998546,0.09299029429952539
1085326,-0.3824605847453118,0.08923904601534968
1091422,-0.0911023596359779,0.07850773657709237
1081614,-0.06867841717120127,0.08043623747814084
1083014,-0.004758599426209873,0.09065241833159013
1093534,0.022427930901345292,0.09370788570771825
1086252,0.2002340171753626,0.08850631414063362
1090832,0.2943468426078778,0.08452818092318325
1080008,0.13913114236288734,0.0871446346877591
1085448,0.3054604152604963,0.07792395440009896
291600,0.07347767582449266,0.08154671692862026
1091016,0.10763377498183277,0.0844057064768158
1081490,-0.14466295988652808,0.08414809529219118
1093410,0.13739489006903455,0.09074468196036
1092328,0.1265610510066469,0.08453715210793025
1081806,0.6291111364571492,0.09167516704352915
1093264,0.25695691382987906,0.08693615304643051
1082740,-0.02388989693548083,0.10086282725865128
1081708,-0.18716276612172705,0.08322123522327454
1090946,0.010972934041955122,0.07675721935092061
1080684,-0.31474429198510645,0.09336828566868827
1088238,0.02019219915879487,0.0789724191869395
1091530,-0.217367916535499,0.0835918934100878
1086442,0.14740595167606854,0.10059025049527565
1085172,-0.04829263835546445,0.08038945990274278
1089836,0.21046393569740734,0.08874182680455003
289400,0.16753795766299062,0.08850758468868819
1083882,-0.19507499729376487,0.0837086519757028
1089230,-0.00228055047644847,0.0887695250614515
1080660,-0.227994519003392,0.08777337646658015
1086812,0.37223413227547275,0.09097057870121356
1081878,0.3155661833283918,0.08694844506861898
1088548,-0.1766747501580762,0.0900998967629556
1089840,0.1187130365043441,0.09162838890460337
1081426,-0.29808536292792037,0.09254413264075935
1081782,-0.24626471036768,0.08350063015645531
1090256,-0.509838719052113,0.09228353386823583
1088268,-0.02815655386869809,0.0938736183738853
1090662,-0.18880048095473903,0.08524789733103347
1087436,0.5127063431286346,0.0920157285662114
1092444,-0.09971605798068686,0.09191161442806656
1081640,-0.5227996424469558,0.09227179189323427
1087240,0.11238204458560008,0.08838080160256286
1087924,0.49633885022517205,0.08190532041002664
1090440,-0.1618560297536715,0.08846862045862901
1094028,-0.08473344774661488,0.08520624757890954
286600,0.157835818027408,0.09928054555094187
1092908,-0.2802951716454711,0.08961722534413456
1091664,0.016933670604529483,0.07650813955930968
1091308,0.04429746226745657,0.08431251491430188
1086034,-0.013746615364812271,0.0800858145429297
1085814,-0.063249679207717,0.08777679967389589
1080850,0.1807330669502504,0.09667892061420108
1081898,0.18870204861323933,0.08754545024507623
1090464,-0.3087056605184066,0.08991372264658398
284400,-0.05855198693264358,0.08641957563694683
1080424,0.038129247715616744,0.08708301719949182
1082598,0.06339925775093712,0.0823094793711009
1085064,-0.0012216315353217808,0.08910607809299738
1087824,0.5618071585760326,0.08415338282157893
1086040,0.14202890248448086,0.0848798275985542
1090126,-0.4922153358748037,0.08449872432076495
285210,-0.450482840914541,0.08653853118476686
1092228,0.20396862106566013,0.08521591638226021
1093756,-0.10742941835112979,0.08378877309990211
1091716,0.2941022323218747,0.08419708116866421
1090454,-0.18759733300751866,0.08872286230316666
1090424,-0.08884183823221145,0.08674187387720864
1088114,-0.17167147940851654,0.08797112251236189
1089624,0.024459368250614448,0.08189988543733796
1092204,0.07620519991766682,0.0866226134476042
1091454,-0.1284701664412411,0.08515862336408264
1090838,-0.09575782709423102,0.08147202613479125
1086666,0.04639362522453456,0.08158487866999713
1087432,0.24775937463112915,0.09019928397612019
1093494,-0.09256988735197871,0.08442112407297943
1083090,-0.003647817079106854,0.08841131242040598
1080792,-0.30755750269196325,0.08955101228235186
1082638,-0.11635317441898478,0.0899274149547829
1087344,0.13764449428149583,0.08731368013969441
1093732,-0.14808145498797745,0.09007307832521218
1087346,0.13451330953105572,0.08669782297069846
1084206,-0.004768006986251659,0.08168707213471886
1093914,-0.0036620421778076236,0.08279110966385922
1091610,0.2923616499749129,0.0823658335069085
1090820,0.30846889847307646,0.08370510347658616
1086714,0.07936010042640033,0.08579615420036166
1087912,0.37715245092954236,0.08124034176979775
1082434,0.010350819676448169,0.08186820134981855
1094714,0.2912639837905551,0.11192256999820153
1086428,-0.01855235748696734,0.09836133562501874
1088458,-0.5018373686521818,0.09229225354358711
1088494,-0.3184307938566225,0.0859633064950474
1092826,-0.12415104241645149,0.09617349612191395
1091718,0.44585263806764686,0.08423789395152685
1081946,0.060111088908354975,0.09531519397844278
1080164,-0.06774454473480737,0.08373253299625485
1087962,0.5598403840021061,0.07878860914704501
1084628,0.2552857963991635,0.07923115662175835
1084662,0.48318422188248805,0.08343284359703067
1081474,-0.09993688921506313,0.08563762165959807
1088838,0.812253842779618,0.08828408385514176
1090528,-0.23705737350024747,0.09090140280593989
1084586,-0.32061348940322315,0.09285467607624133
1090444,-0.20844549927820544,0.09322018072039394
1082516,0.09234580151115983,0.08004934108866103
1087806,0.4633225882672075,0.08000977128409596
1093830,0.11336504512910772,0.08801929138915747
1089694,0.006961302726739643,0.08438057280194883
1085452,0.5577956117600575,0.0829808091874764
1084034,-0.25730313954737594,0.08270352453708851
1094114,-0.24788861380607782,0.08669631543954964
1092350,0.05710067660905213,0.08629732593804193
1087306,0.11751148289883263,0.08615383235696157
1085050,-0.04371818399396024,0.0886788901118945
1089980,-0.059617800692504885,0.09246635522174818
1086874,0.293796662631378,0.09372944310878044
1084312,-0.038170192032095394,0.08410954780085461
1084254,0.06152759374619527,0.0858164871478087
1084008,-0.047275998892634986,0.08397317513155111
1080438,-0.10008647957418546,0.0911025527670598
1087092,-0.3028440604257912,0.07788720008089448
1082206,0.005630794980760315,0.08650184099779258
1080692,-0.3017199714841406,0.0895177551266586
1095506,0.2235453122776893,0.10619547461015633
1089826,0.19346675596502036,0.08964434296907263
1090056,-0.6086144562013698,0.0877273116505859
1092230,-0.019140289361775635,0.08112141874102129
1080406,-0.2519456890804276,0.09150124036903422
1083816,0.09957282300802867,0.08681370052194998
1084324,-0.023748891758868646,0.0860559565258917
1086086,-0.18918632675724387,0.07726200373022304
1088840,0.7792364614671039,0.08675775493192449
1092424,0.11298023639590274,0.09117117514765748
294322,-0.1673065163606699,0.08679131955678836
1080236,0.06379920970983617,0.08758374778188593
1087884,0.3968610869800399,0.08292434133984045
1080410,-0.05507696832711015,0.08557533039370961
1089710,0.3313560073225749,0.0840931243492684
1086128,0.1664008933331661,0.07986164295146608
1085990,0.03587825304478731,0.0925518668042423
1091692,0.3278262817603568,0.08650165878871174
1092828,0.026697312796724725,0.08631531190690216
1088436,-0.2824481565300241,0.08772719230372725
1080144,-0.06277779111401613,0.09199302533421932
1080456,-0.22560664933936778,0.0863763122746454
1090320,-0.4550637744856896,0.09048648897557719
1084582,0.10640392485358925,0.08442828542310589
1091592,-0.21179903632812574,0.08800520385477308
1086080,0.13409200890816791,0.07845680310498347
1091614,0.3636291726460344,0.08238227857785119
1086806,0.3154414081473593,0.09412060791101991
1087484,0.36137340935054907,0.08725744403051659
1084576,0.1706906377738323,0.08810646023791466
1081784,-0.0729068489547597,0.07905106134519907
1083274,0.09598726811708562,0.09606055380248546
1090530,-0.027916611320526055,0.08745238850125364
1091036,-0.14492612499054852,0.0843313714280721
1083302,-0.02970115926017721,0.09751445546444527
1080440,-0.08853195577776218,0.08949180651307728
1080392,0.29268303047249816,0.09436394612228298
1084350,-0.07379214801795114,0.0874641038837821
1090046,-0.32741746831339774,0.08879170710704641
1085104,-0.06756891574293998,0.0850259288881136
1092838,-0.14430177745291797,0.09110140572713599
1090058,-0.3775802445147097,0.08177504488187695
1092810,-0.12094849619286997,0.08007260077457629
1086242,0.15405773836172956,0.08576378681476546
1090640,-0.09968038889505226,0.08788554111903066
1093804,0.16126378301849026,0.08243372289206097
1086236,-0.0013105354700651101,0.08305461622741768
1085018,-0.07152194767859367,0.08922848561220874
1093368,-0.04456940208168253,0.0796542277226809
1082100,-0.2706220447848029,0.0875079162449357
1093912,0.16866023131721683,0.08690954968835955
1091222,-0.21570465329795507,0.08480978081831558
1086058,-0.06584654158962322,0.08322079810131947
1088852,0.6484579706008098,0.08937225004986074
1084224,0.20539883323456928,0.0936271794538175
1094820,0.22524549688799128,0.11414994389746373
1086282,0.36278421678597195,0.08924497718082684
1091590,0.13879094474030162,0.08401380340157752
1091634,0.12744563033732126,0.08668331502702105
1080940,0.20801048427183141,0.09446613284853361
1082450,-0.022295789694839037,0.08317525712713637
1090248,-0.34621217307617236,0.09477995718085187
1092048,-0.2787809436844601,0.08015241059332157
1086730,-0.19864947317116527,0.08252050331799793
1088814,0.7090995865547598,0.08918578921570729
1094046,-0.31253039277170663,0.08612971424122336
1090232,-0.4104443695878261,0.09578928232842442
1087560,0.3366666223032169,0.08740226480670638
1084410,-0.13155532215354201,0.08769776596690382
1084416,0.023286573079109994,0.07981263254437652
1086322,0.011872927206120187,0.08482460704447657
1089252,0.12336031740807957,0.09171880297193165
1085218,-0.09118066834087588,0.08893915409895493
1087628,-0.6715657355059741,0.09615076072968082
1090030,-0.3196896940886126,0.08768372155141863
1092858,-0.09321633284897524,0.08747290318978994
1086460,-0.08606473206119677,0.0812922232186172
1088072,-0.17960802480448207,0.08917331218306782
1090762,-0.08774975890041356,0.09527549354564205
1087072,-0.1417732682085138,0.08623450219525353
1088926,0.5887934728229023,0.08821563478802158
1092034,-0.18388547729156388,0.09791608781214863
1091064,0.022920174820019755,0.08502938954098709
1083814,-0.20312469905045918,0.08429379853054594
1092214,0.019970506967970283,0.08062671900508972
1092904,-0.20359371779534757,0.09893043477389928
1095250,0.3330665752638996,0.11259401778432701
1093716,-0.15275356168036228,0.09930469639723016
1091584,-0.2202825787696671,0.09457588604468614
1093702,-0.08867277241642262,0.0980015147647259
1090312,-0.33325378670915773,0.09504714342567278
1088450,-0.3925429489447672,0.10417561870051466
1083824,0.052954594807336115,0.09448869992914126
1090216,-0.3659938774284583,0.10074008664738034
1093456,0.0182814635821294,0.11214479181902139
1085238,-0.2412331776488325,0.0994478911301814
1080300,0.05992735336591645,0.15260281023769223
1091206,-0.06031707651202094,0.12989933401823725
1086456,0.29557082257935885,0.11868653911616729
1088074,-0.1304712347103,0.10156367475913557
1085714,0.14025284982905506,0.12505175451325842
1084646,-0.05635528888596407,0.12808988186138
1087030,-0.18139494034315834,0.13649697598873903
1083934,0.22691369917008156,0.1325152028063078
1093416,0.12328251630309005,0.14682761982609902
1082216,0.3621726215673155,0.168302136672733
1086886,0.5664750189499879,0.15747524326588522
