ID,EBV,PEV
1087120,0.23347162503249574,0.11147379192202748
1085618,-0.067679421678984,0.13075487999748817
1091040,0.6703601951087814,0.13569640115955112
1091686,0.006119178122232897,0.1329217927863736
1082624,-0.18756443869467235,0.1416459272208574
1088628,0.30118286502557273,0.12938679195859845
1088644,-0.314677956662827,0.12624055556472108
1084648,-0.540169138411565,0.12746455799208392
1083276,-0.6092727775189322,0.15185667703438085
1084112,0.14802922422208756,0.13034042578679866
1094004,0.13283798205235056,0.13190289953818557
1084022,0.05280050159848208,0.12695939849605778
1085330,1.0328901337029637,0.13106976004332535
1088676,-0.5766078792707917,0.13060911642935877
1088606,-0.6686185725148762,0.12952833681684905
1080862,-0.3695903387638819,0.14431379117885546
1090712,0.3825923191582408,0.13118294386043142
1090718,0.7824338447362881,0.1389687413198626
1089706,0.9411290006697723,0.1219633614211085
1093734,0.30677427048980843,0.13098314776670564
1087716,0.2913930819456257,0.1180219449149237
1088416,0.008645075375687651,0.13396622367564778
1088384,-0.21497164978112301,0.12311296494744264
1088608,-0.5564157359729143,0.12696027257816747
294054,0.1292187643141119,0.13309035210935408
1082458,0.5884136226120753,0.13433444494364022
1093220,-0.3261470537795788,0.13334648076846356
1085674,-0.6900029238454073,0.12309751002678881
1092304,0.2430271838016061,0.13410896113118356
1093272,-0.4362652499567208,0.1342128471141914
1080958,-0.91551979727082,0.1412746420500471
1088278,0.22917973711494155,0.12486745931518647
1090816,-0.42564329918260063,0.1265366642031072
1081278,-0.5865568622545245,0.14624712408054996
1088664,-0.3821633121487509,0.12250507446876902
1095268,-0.24061756341433943,0.15123539857125687
1093708,0.7966500090857082,0.1342543341095876
1083844,0.17900245331579837,0.12670590125138828
1089612,1.0097290991886119,0.13508503021804477
1087932,-0.46963210005347666,0.12767619754640747
1088686,-0.11620756626335019,0.12662770452426406
1084228,-0.5700838407262292,0.1382157621896022
1091092,0.22254786462896556,0.13058554847319773
1083348,-0.48565111129933847,0.14564510535248737
1091656,-0.24534859792694994,0.12466645703440699
1090758,0.33567742911342335,0.13645784113425863
1091204,0.5396909039686927,0.13495986201372492
1085738,-0.49788507877051835,0.12069958655886294
1087834,-0.3253217468763098,0.12998499109102654
1086654,0.31134885478380964,0.12800916338668544
1087612,0.20227747944997004,0.1245159765468752
1085408,-0.8862795478087125,0.13561187753266685
1081892,-0.5038226688124229,0.13377955836029926
1092058,0.1255001015732604,0.11851314661242758
1087808,-0.16742029976044745,0.1229124933378658
1084654,-0.1565061503901563,0.12763685352477044
1091310,0.2229606148533594,0.1219955716203881
1089606,0.8586224192564059,0.12452386472593721
1092224,0.27179354788391163,0.14203963152945878
1089374,-0.12397524291517248,0.13510923447066436
1085648,-0.6475777659472963,0.1283658308601275
1082694,-0.4029035274639769,0.13760946994453807
1090922,-0.9511703740240635,0.1345896726899838
1091020,0.5371585365469487,0.13818982785134692
1093256,-0.13611650659861052,0.12819824764151078
1086314,-1.1549326784959124,0.14029161836164178
1091720,-0.0046765985042250425,0.12744298956161765
1082310,0.14640547914895125,0.14092621688565965
1092896,-0.152595565832555,0.1378081124860503
1091336,0.7134602276370752,0.131349550889751
1093408,-0.44628617337643034,0.1310560145282024
1086440,0.03769753175260281,0.14614984698211306
1088826,-0.06900013684156896,0.12624067556434523
1091162,0.42807894184816087,0.1345070484048995
1089356,0.10593407870858032,0.14410745495032484
1082004,0.1559422756708459,0.12916362035377482
1085036,0.8172745950223455,0.13506627650875275
1085876,-0.3103636884310218,0.1365107491463897
1092076,0.35378184237520977,0.13119879936317472
1083102,0.16047835763690138,0.13214979279411657
1084710,-0.3246064427074232,0.1184666147705975
1090872,-0.4149836614304725,0.1334250896964123
1087830,0.023672854039882413,0.13572643809586607
1091732,-0.5195156072531865,0.1303993674882937
1088216,0.25296190853565315,0.12750643887848817
1087032,0.06231026265307114,0.13018569046331088
1085034,0.6536555666054408,0.12858846078596334
1082418,0.459889207955786,0.13035080848327912
1091048,0.388499761209629,0.12759514061469146
1081634,0.29074441628485476,0.1361608863422832
1091706,-0.08389011168034703,0.13062828607552293
1082532,0.35748068663006133,0.12850001011687467
1092354,0.2736288558079236,0.1314848918989692
1086918,-0.41332786760575574,0.13678939557408779
1088634,-0.5384126423833906,0.12884450354491542
1085462,0.15016556326990635,0.12821034970202752
1085070,0.444484894824255,0.13696502576319416
1084624,-0.05379566614558387,0.12342577744219459
294374,-0.1137674456169015,0.13094759627113942
1091596,0.7301288310526225,0.13600764491859493
1089212,-0.6191668658456975,0.14035559766244962
1082510,0.386208464342768,0.1231051440789062
1085486,0.16336749786563018,0.12382303824688075
1089708,1.3778715510158748,0.12458235382310813
1081274,-0.24109066828426468,0.13658486934461558
1088690,-0.2660178372080082,0.12108124222121311
1088282,0.03512009040554558,0.12347441974686063
1080352,0.1613820045596066,0.14012859031340055
1085708,-0.32297999194126875,0.12333993355585358
1088876,0.02168999989156936,0.12780972815933028
1093506,0.0931225900553306,0.1313489613706174
1082148,0.031075099984719468,0.13691172942428062
1091050,0.8402838008236672,0.1418961309425169
1084618,-0.48141832177619065,0.11523866898740788
1086982,-1.0435647197758455,0.13719121907162957
1083812,0.19040028237606677,0.12853534687153864
1094006,0.19590419592849911,0.12620153505727252
1084354,-0.3992549847094667,0.12839483540727364
1084296,-0.5131322040709982,0.1349267989478093
1087660,0.045239296383528034,0.12934907562985146
1080848,-0.6910186715634205,0.14481626366137088
1093812,0.4865607209617034,0.13225221076799817
1089646,1.2320067909759356,0.12764720726533063
1089234,-0.19347548036174358,0.13001327866511622
1084298,-0.31161504421368036,0.132300282595575
1081484,0.2643072416832793,0.12790215478441522
1084232,-0.8901705814484554,0.144011211159509
1086224,-0.4958496471776909,0.13555171393137708
1093784,0.11702976479218746,0.12528474432786263
1092036,0.5004453445524075,0.1303222110072189
1080222,0.23690903356664259,0.13606231857129947
1085742,-0.2298737044209101,0.12221081976843744
1091226,0.6373818979794165,0.13201770262631557
294350,-0.1323613624332738,0.13064610753742747
1085698,-0.3836626935687785,0.12190070538518281
1088626,0.4254193111702445,0.1334417138601115
1091682,-0.1403863480791687,0.12445677870303776
1086256,-1.1620632529309227,0.13622213410142706
1095386,-0.09037970353489828,0.1496156196526418
1090770,0.5669182990732439,0.14062981903780117
1081598,-0.8203588104306518,0.13706688858421207
1088666,-0.5530949622795343,0.13765523211189978
1089220,-0.17089864368843283,0.14659367389514372
1085332,1.0735193288347626,0.13577213522076903
1082134,-0.23107576016362347,0.1290955989456227
1084404,0.3056440826712873,0.12909019214440515
1091438,0.6342947880395076,0.12777453443441542
1085108,0.9401525243396829,0.1337208499438761
1092042,0.8199827929266171,0.13107909328262346
1080428,-0.7357265350624846,0.1457218194595969
1085712,-0.36752965787262576,0.11905994953368042
1082164,-0.5872568682062697,0.1426415163802262
1093754,-0.0268062736360052,0.13572423769517092
1081412,0.5739988957787662,0.1400807900420785
1092222,0.2356605001695567,0.13118947510867182
1084048,-0.04854388193069394,0.1512420552794929
1083234,-0.6468019602499618,0.1457156908589278
1083818,0.08446718826126162,0.12726311336328497
1083946,-0.31700340943676747,0.12706826563635262
1094054,0.23518531499169332,0.13290695352072915
1086884,-0.9647435858290122,0.1557054057591057
1084050,0.042713440774462874,0.1345283787616717
1088230,0.05704934246318082,0.1256121793085465
1094118,0.21312134033742727,0.13275915362470098
1084092,-0.2853961690954681,0.1359163331397072
1088212,-0.010909563066617885,0.12725028700076757
1087250,-0.15456902666756783,0.13359537643427885
1085612,0.006401905439207384,0.13180727935855213
1090852,-0.5956309478936038,0.12729845647835755
1090098,0.2456946497015414,0.12841476195705395
1081330,-0.3651971221755277,0.1409501492564594
1080186,0.0505562793096639,0.1414463811913573
1081358,-0.230004593557347,0.14135408671152963
1087458,-0.3368018276534967,0.14116294646941063
1089844,0.08515314325694065,0.14308308577535805
1084122,0.03614071427125671,0.12884432417630842
1084346,-0.5256023879255932,0.12846814688304203
1080622,-0.6826083856485607,0.13219829934357116
1080920,-0.6829331264460654,0.14774376767223615
1086408,0.23718431326102632,0.15211505676178053
1085780,-0.031178988421875897,0.12919079078072968
1084406,0.14233787645999438,0.1292169868682043
1093712,0.03189196963081417,0.13195544173561408
1091068,0.27102599493633023,0.13714676259979974
1094066,0.2099650133164417,0.12928814099662864
1084642,-0.503061625128171,0.12343312833244632
1084248,-0.5019221335304302,0.13849303645891634
1082618,-0.18899126850248518,0.15003739118053622
1080886,-0.616179584851746,0.13945810809192813
1092168,-0.04173811879435228,0.13244616342184212
1091608,-0.45440110288519264,0.13190965078336833
1081450,-0.11148117563245566,0.1275676377768382
1084462,0.4535711552585521,0.13285200182430631
1080830,-0.9121256918034311,0.1386098563884935
1090412,0.3443582413409652,0.1408966900760367
1086032,0.35524299535912407,0.13013009728779282
1082696,-0.3863342277631134,0.15227178202520225
1084408,-0.050499622280974356,0.13357820301610485
1090104,0.4236852344359675,0.1336871359007501
1086910,-0.6799001466819262,0.14321580925398922
1081842,-1.0946782501597019,0.13792116064869706
1088822,0.055027941357198344,0.13411620048490483
1081570,0.6418644289891368,0.1316394243324501
1084272,-0.4079483401332497,0.124649584238477
1081342,-0.4524705909732248,0.14688701084941375
1092890,-0.1336365123680059,0.12508190406094016
1081724,0.539369593613225,0.13076482492213068
1081270,-0.32246008405737403,0.1411312738741685
1087680,0.6075393611602651,0.13388596541946027
1092416,-0.4202490785183221,0.13656317311415825
1081692,0.36847304252268565,0.13049323560515258
1090422,0.11101004432381474,0.1377458050734991
1092320,0.26342472529733485,0.12660560208166438
1080030,-0.13749535078851413,0.1331405063264769
1086914,-0.7760365059133443,0.14279345954966285
1087124,0.5620865675012067,0.12297796588449528
1080408,-0.7301540995702038,0.13753303790463065
1086634,0.44930012423037113,0.12675456705446897
1091018,0.4339503706218913,0.13320985309994468
1088014,-0.30901817399482273,0.1382245274317438
1090442,0.6065513567681016,0.14524628709779044
1087040,0.390437172757741,0.12557373616921752
1096166,-0.6865073671155872,0.17949108601428937
1091060,0.24265095569495274,0.12728616822990374
1093606,0.07008992006378645,0.12298204682882853
1084734,-0.06544879034670087,0.1177616562362726
1085980,0.37021761884161597,0.14903570943064806
1094112,0.0388235827407625,0.13100416608485288
1082412,0.6238630551204933,0.13485112020645396
1090652,0.7854290247088948,0.1402786046888918
1092560,-0.91374875438936,0.12866794854339023
1093222,-0.46635889523496227,0.1274314750772156
1086438,0.07685406296052934,0.13929452408294427
1082584,0.2325238726332827,0.12519656824509542
1088936,-0.09027585677477364,0.13009269164404477
1087822,0.5652055228543951,0.13787063110566078
1082210,-0.23249674813265206,0.12808872897696466
1084330,-0.4865738212636899,0.12799538108674186
1095230,0.033134417318846934,0.16358574401638165
1090008,0.37044636172826967,0.1269793496046351
1084006,0.1360124598815663,0.12957719815955882
1083204,-0.42711898883668253,0.1384043386136008
1080086,0.14737496926708823,0.12755473346688162
1095934,0.2980394651488508,0.17942584669773012
1087620,0.4865288305853096,0.13142547697837628
1092922,-0.7957827136486125,0.1344794141376879
1080646,-0.5913190766679384,0.1431382079105494
1095216,-0.5498114072848782,0.15423461376958567
1093934,0.45057245842529464,0.13745791178245764
1084172,0.11111596705030186,0.12687269094551162
1083820,-0.12965628602628385,0.12423333684524573
1087324,0.38355150120853104,0.14371703461434757
1091014,0.622424161054465,0.140933515714529
1091646,-0.3437260258253134,0.12949791827898088
1084732,-0.0635389429249967,0.12596795658939594
1093778,0.48362385607504055,0.12250254376682009
1083922,0.1663379140554459,0.12679668562559884
1093440,-0.6145685838019385,0.13290666108056312
1093262,-0.35135899175805585,0.12753126752149008
1088842,-0.4468175131933671,0.13135569407940845
1091232,0.24928470502071295,0.1409116365019063
1088010,0.02752211652034793,0.13353944420306008
1082562,0.49349469177864014,0.12817355485779627
1082726,-0.3989064461770102,0.1395120944180695
1092030,-0.24978141155296094,0.1270155806649593
1091302,0.7285393968721499,0.12616371503467771
1084630,-0.004382073266785671,0.12033647120651374
1081650,0.7817131917735565,0.12954106325357143
1091552,0.7828073838161911,0.1290680980324538
1084516,0.0013843929673663226,0.13267957709313766
1081260,0.07876753173826144,0.1366586756928851
1086326,-1.0451331183673112,0.1382926923696557
1089626,0.9299721373977573,0.13140939932839305
1089254,-0.0696900609025312,0.1291131201338516
1093216,-0.19390015462740048,0.1260489169768757
1086920,-1.1142671334977685,0.14486035801403202
1087078,0.44329002612491897,0.12447827532897017
1089214,-0.4510344422724891,0.1371972035108379
1090636,0.641878323898271,0.13160974645416618
1085276,1.2959330893527126,0.14618732376474686
1085430,0.0839210621674732,0.12516971573876504
1086512,-0.6021772288369804,0.15319393115622174
1088040,-0.4207861966097449,0.14458701274342212
1091666,-0.508121855287684,0.1266980125838729
1093360,-0.24866320500575548,0.11579203381350783
1086718,0.3254608688025038,0.13200908027152672
1088638,-0.8396257727354095,0.13425353391857087
1080116,-0.15096542438864716,0.13574986299140196
1082218,-0.1351498576731521,0.13004695783302797
1082644,-0.4648842226424391,0.14754993992937523
1087454,0.18699701242021927,0.13330459570715503
1086658,0.23422201633008063,0.13979548894340707
1087330,-0.11823935940198053,0.1423002965892913
1088430,0.5178739589221625,0.1337530583483516
1081862,-0.4465042105784976,0.13590979475977924
1082288,-0.02018428020382882,0.13479142655799142
1093214,-0.7790072457952424,0.13059022624788086
1082098,0.13681403375431658,0.13090211194513685
1080282,0.28406625065277,0.13943116001630582
1080132,0.32650007981348406,0.1453073232635831
1082182,-0.22913151723165678,0.13233609534311302
1094050,0.744594967586681,0.14030151862612936
1090428,0.574988344703569,0.13459688154730828
1092044,0.01920689565781847,0.1337831148880246
1085414,0.23840931648148433,0.12791110791111626
1088044,-0.15424914996868425,0.13876960928670148
1082048,0.09281440489139575,0.12805064377700534
1082234,-0.42733272474200856,0.13634302117730046
1089722,0.6824258843268488,0.13179125387755003
1087228,0.1601254534260052,0.13317619621220847
1093296,-0.5046878204014426,0.12466886253387224
1090446,0.2666198581456943,0.12754601844795257
293480,-0.3733645028469169,0.13241691453860593
1080212,0.2581059557285591,0.13770352095415855
291400,0.490546065502208,0.1376440146322527
1086466,0.5097236671769946,0.14057728323817112
1082058,0.035134763216691435,0.12288914727172241
1085244,0.5414763315615223,0.13611253837369625
1087616,0.09909529966533541,0.1297778054818553
1087522,-0.1707391819849065,0.13306534539741688
1094136,0.10481139602616897,0.12694461847012162
1080174,-0.4369705778095997,0.13690220339882356
1086186,0.6540316419700457,0.13200023486185758
1085058,0.7629283370896377,0.1316967530182551
1093686,0.5247169599168273,0.1330890170059771
1082040,-0.06107028769938386,0.12564649872191852
1085610,0.23410133391647042,0.12878871516709275
1081440,0.26554894636657045,0.1283747934918438
1088030,-0.40643173267816673,0.13837722825763807
1091778,0.3709410463548518,0.12367609186711502
1081868,-0.05924127765221979,0.1353127177706606
1087526,-0.1410843777865752,0.1352936594094289
1092032,0.5700394187563198,0.14011483248002546
1088622,-0.004919576016027728,0.12953491992718144
1087062,0.31945533990142666,0.12220643150529142
1094030,-0.32811055272625894,0.13067641318984863
1087828,-0.10576509062508767,0.12471286973754626
1090418,0.15194546963398717,0.12556619204202285
1088848,0.509737435806551,0.129420922853736
1092026,-0.07637090954307184,0.1314951147057103
1081588,0.3230104663558438,0.12127269590409051
294266,-0.6259974720245096,0.13221357355127233
1085744,0.11900200306444081,0.12974218472432375
1092512,-0.3079760009260056,0.13196496866380983
1083074,0.6651258409449345,0.1399433628266026
1081896,-0.036543461817918024,0.13969618543727677
1091598,1.2186397761656067,0.13582742160208047
1093212,-0.6387023788416037,0.1307521104053431
1086622,0.4445205384290601,0.1395936664743922
1090982,-0.29067600094257684,0.11921513752800524
1083876,-0.11659550328226265,0.12999547002093317
1091418,0.748758217681691,0.13296263354399232
1090456,-0.06452582339667777,0.14177168674194485
1087820,-0.0706157182380341,0.11651907560518175
1088220,0.04502021956032636,0.13028387952340936
1086262,-0.7681409554116848,0.13057092239187193
1093258,-1.312343501026281,0.1362957601345499
1080360,0.2013221638675123,0.14059559070265978
1086528,0.3914429658586615,0.14617473413211826
1089816,0.181257832874213,0.1381235539608534
1088452,0.07946305285484909,0.13677846757555817
1087846,-0.126665631567196,0.12562403837784078
1091054,0.20948673026071382,0.13122748978641294
1082428,0.17570567713213897,0.12471672417008968
1083282,-0.8988798869609967,0.1508437657669959
1088052,-0.07040942435088293,0.13304891803386842
1081696,0.08427449648778165,0.1334820549459417
1080916,-0.5516315952544485,0.15013458515254488
1093234,-0.5213292005805497,0.12701030011460013
1093764,0.3031650724255218,0.12279903575679728
1088056,-0.14730201412842375,0.14174351591245848
1093528,-0.2411612301449782,0.12077027826067631
1093510,-0.3947921551081409,0.13840916864871392
1088836,0.3040848358062731,0.1383007517663674
1086962,-0.20223677904849452,0.13990850949916833
1089992,-0.02869968073763634,0.1405634907410698
1088620,-0.47648617867467663,0.11836880016693327
1085164,0.8504103386016552,0.13970778648339724
1085440,-0.4013889296158731,0.11962105051926814
1095076,-0.012998631165286512,0.17407035911028104
1084212,-0.2454737295418141,0.13802544101464118
1080024,-0.34733381281585823,0.13904477931935355
1081828,-0.47136357559485387,0.14053225484114296
1082260,-0.10714805880130379,0.1401751874132199
1080964,-0.5078775534957674,0.15244299224381577
1093340,-0.7581878416000549,0.12849176468098444
1085470,-0.3762901749328064,0.12243026380246724
1080178,-0.15951725606339837,0.13579115867297056
1089634,0.973338381643725,0.12521737405145425
1092438,-1.0304644967972658,0.14707868334088872
1092326,0.02737158462180895,0.13786192361746735
1093818,0.2459988274928371,0.13099449264650306
1088422,-0.28221678587978244,0.14722361796021477
1090746,0.4662359628189306,0.1303351716006802
1091212,0.4228526809342291,0.13424375689550963
1088142,-0.26688045168381697,0.1410344803516964
1088234,-0.11846692765151948,0.13050120828818637
1088260,-0.20759244873547628,0.13184485777711272
1093844,-0.06528248403193036,0.12500509958456354
1091660,-0.4276756331908995,0.1288255251762953
1093228,0.01121131550518183,0.14235691735171072
1087644,0.28068920795093527,0.13325991834311682
1087848,-0.18585464939809507,0.13232169203234284
1080148,0.006878503174276904,0.13704680043283218
1082596,0.33630570999147663,0.13246104948281984
1089210,-0.1411112094175521,0.13288475383066023
1089934,0.2945161183979823,0.13616876425803173
1085242,0.6483559761050095,0.1253811292778038
1081980,-0.5980998239329668,0.1328783394872245
1087352,0.3347607584928227,0.14425830426958355
1087618,-0.014470739596597738,0.12874601021011595
1089702,0.929914553217215,0.13024065692950954
1083298,-0.47313009046302557,0.15141989639012887
1093810,0.27200771623291525,0.13677050009177805
1091038,-0.007360594403894512,0.13781195451003528
1092498,-0.3777117487953101,0.12398133786254652
1085476,0.7656370346104437,0.12756719907270664
1080314,0.006933913932370055,0.13550590684505529
1087786,0.2863302100248217,0.12754908467973128
1092894,0.011976311933874877,0.1313468441370779
1081916,-0.03478205236036571,0.1350885870598451
1084422,-0.2886842141410134,0.13533007447629622
1080276,0.043582940315469824,0.13575895764169685
1080730,-0.48836591485067066,0.13378074737685458
1087286,0.21732307948801421,0.138875740244794
1081408,0.035513462497444075,0.12950569204099918
1087006,0.17933169658181028,0.12045114272854415
1081436,0.4173527585089004,0.1394108450387788
1092014,0.6413580047108945,0.1269049731119999
1084042,-0.02485474710970791,0.13492579519443737
1088412,0.5676899324846639,0.13594774169343063
1082342,-0.6325470533733257,0.1311369324045154
1088846,0.08166030112341219,0.12389346901127789
1087430,-0.1356919228071848,0.13594240239415792
1080214,0.3795244429971883,0.1325652996550856
1081894,-0.9218368571108051,0.14990125485223166
1094448,-0.33902263253381065,0.17719017941264045
1083012,-0.2510809380447933,0.14129084715644974
1092820,-0.49413692795416536,0.13335628864155855
1094116,-0.489902406395875,0.13460933945550202
1085340,0.5563990113000795,0.13774359048830614
1085204,0.8535362814756369,0.13544054115610918
1084644,-0.20827702888972216,0.1218593991040967
1085054,0.7191037196923956,0.1285117733866669
1086514,-0.16330558037945794,0.15481633891301336
1093974,0.311560293740672,0.1338908164587874
1086152,0.6067836096741032,0.12362354984557826
1090818,-0.35640726088476093,0.1308710188206754
1082474,0.612519906914353,0.12830211502621502
1080874,-0.9530304294978068,0.16264312665260056
1083858,-0.09634462010648777,0.1288139051750104
1083838,-0.04529738548502605,0.12288982511093328
1085274,0.8582484132181962,0.12549271401899845
1085436,-0.6284246038763938,0.13842017512180077
1086518,0.25541057112159676,0.14084978271815618
1080472,-0.3538987955883815,0.14365496667761696
1082248,-0.5410182315720674,0.12886823132370462
1086662,-0.22573198323050356,0.136375507474799
1090810,-0.6159711517696559,0.12217228256111014
1085704,-0.2608947360494243,0.12253732095291586
1087318,-0.15810263916488698,0.13524827164354708
1092020,0.10882932383116083,0.13645778551973764
1081720,0.402740364000582,0.13341481634956198
1084222,-1.302281066877107,0.15191790800069457
1082404,0.41496699689940697,0.12939916688982725
1082180,0.045827887609617486,0.13384014196593572
1080644,-0.15527510026587574,0.14637530855216435
1087810,-0.08362592435017174,0.12930913967824106
1090218,0.40542973785411324,0.14533768122498303
1084712,-0.2763134779341649,0.12178633600710924
1094160,-0.6151706788361138,0.142216777357858
1085424,-0.373877495772088,0.12379527313206701
1081846,-0.5697587967274201,0.14249946440373154
1091566,0.6291708138378872,0.12869875335135422
1092926,-0.09734425665170397,0.1340066593019124
1087364,-0.11518408829596653,0.1442439675425248
1090258,-0.2538812625046774,0.14552367089031593
1093860,0.612058488471629,0.1396277552773944
1092418,-0.4341653748529767,0.13286805630408
1084146,0.46298686597738914,0.13554939152473652
1087626,0.8328477637271797,0.13405326401722573
1087646,0.5126796642625215,0.13040692717307747
1080372,0.2348607446196617,0.13943220416202481
1091028,0.16263835467328192,0.1305452470938859
1091034,0.18848529888383203,0.12736270438786523
1080492,-0.6309208039053411,0.13992869301878055
1086352,-1.0154215699309073,0.13194063894758384
1087506,-0.12153594816156565,0.13086677147288237
1087218,-0.18075140520985203,0.13422603053553084
1090250,-0.3454251387388217,0.15145145950324446
1090632,0.5343542637862938,0.1402245856415417
1090048,0.724951721429778,0.12220433560392915
1093218,-0.4487797887211882,0.1285354891331894
1087528,-0.15870462085873532,0.12666092848187907
1089828,-0.10541508242420491,0.13007680898060303
1091012,0.19061375390513913,0.13603164815767
1087234,0.18766597612383534,0.12802708994663026
1080140,0.1700117170830058,0.13705039182322182
1083054,0.1117447883087181,0.13515429218479968
1091254,0.4001601903054514,0.14010830580913797
1085454,0.36721974576921074,0.11443959483888368
1086532,0.4042350585473064,0.1549805118676065
1080814,-0.7901637027135323,0.15387713293794367
1093658,-0.21679935582913704,0.14092587929137437
1085434,-0.37525535989216807,0.13245239333696177
1086646,0.2285698486544109,0.1308764565426086
1086056,0.5921300515794817,0.11839944145211576
1090324,0.14331627333760136,0.14567429908413193
1089912,0.11102443940767075,0.13783435973341748
1085624,-0.40064551227052236,0.12136002202002354
1084414,0.43984580306321586,0.13029387303637605
1081810,-0.3587623757011642,0.14335953096677473
1091238,0.6091060303002832,0.12649692301918986
1087642,0.3342718726260057,0.12473664600981793
1085450,-0.2438583821484269,0.12119078926933886
1085916,-0.07066649457640396,0.14242748552079973
1090618,0.45623244731144497,0.13379917189148532
1090028,0.6235798947664922,0.1379411606182935
1087022,0.6624811192514061,0.1264691983308302
1092016,-0.2900119250947497,0.13612147314183431
1080608,-1.0204405526547462,0.13915078967143718
1091554,0.7406888236893742,0.13818691575780734
1085880,-0.11227902223641636,0.13538977492728407
1080494,-0.30310133102741454,0.1392747025610876
1087034,0.19666955464208508,0.11907150590389022
1080656,0.003127959649617613,0.14041311314153943
1090716,0.6642252367287063,0.13627032265888336
1085024,0.951638226106816,0.12216480324772118
1085062,0.9354765898548755,0.1413971452034295
1089226,-0.613460836173881,0.14020323779526958
1082140,0.07860244820627574,0.12826715504187988
1089244,-0.573518349530164,0.13883155402372183
1080228,0.5600026834862436,0.14152735038387634
1086642,0.5158164699722481,0.13349173311903334
1090978,-0.9726116393147709,0.13250614862221596
1083284,-0.32893860444075873,0.1481576893292863
1090856,-0.11261347348925879,0.1333750788224069
1093458,-0.5902262724152473,0.13636198546955983
1086158,0.3630349688369022,0.11952682154345337
1080782,-0.37157153246720837,0.13882594657634362
1080478,-0.43368289469025356,0.13367501149045288
1080420,-0.39925036469723113,0.13480291918666998
1086420,-0.23212567710497842,0.1444921265995244
1087508,-0.20015715527075215,0.1357641378398314
1084478,0.5956872655945262,0.13704414627349562
1087390,0.349266630896022,0.14081065894418107
1081442,0.234116703713,0.12490289206219843
1089966,0.3448024374661901,0.14071869318188385
1085354,0.7546769872419874,0.13072353772000128
1089842,0.31065227268650863,0.13114382004660172
1085032,0.7163703805041949,0.12326145204194239
1089916,0.2893620954495588,0.13544043015503052
1087694,0.35667992644155705,0.13529755872954308
1087654,0.6061415672632946,0.13529024783144453
1084568,0.0806467891886204,0.13313761453327966
1086640,0.5450440883542595,0.12308885931145604
1088468,0.4112693785372311,0.13281927444722227
1088254,-0.014308460846048587,0.1288811561252499
1084524,0.5712576432171539,0.14313826165162918
1080918,-0.28373388758984514,0.14601564974373024
1085664,-0.5395914313651362,0.12480947782912681
1087426,-0.31019444764827014,0.14030145969395025
1088668,-0.29022143834777037,0.12218561401859486
1086260,-0.9278150537607209,0.13716680479790175
1088456,0.02167824524313993,0.13344311212698853
1090130,1.0623523459515243,0.12262699642265051
282200,0.47570194896087226,0.12585183535547192
1083062,0.2785316702236092,0.13239721352584224
1090482,0.36275157719351164,0.13324299921893917
1085418,-0.3163937450132462,0.12118639568991481
1081414,0.4432917516972697,0.1328691100548389
1086068,-0.13996789626545844,0.12895819985034304
1081244,-0.6561041351763641,0.15373593126673005
1090672,0.3701091349626861,0.12979264106130595
1086064,0.2468723061635485,0.1342812353834123
1093862,0.4160536919968424,0.13351492994717742
1090230,-0.5797655919581528,0.14839041525217833
1085438,0.24485029341754586,0.11892130737202744
1089712,0.7270626544624214,0.12643604648155568
1088272,-0.0032777138541000284,0.12653243902357364
1080238,-0.022248564690931685,0.13854283652252367
1090772,0.5228107822204835,0.13798442981645745
1090690,0.5357185384775789,0.1312930902578216
1089724,1.2922929075571135,0.12804174366068174
1087776,0.18518982339540999,0.12791409351013514
285600,-0.11860899910202773,0.1285353217188696
1086944,-1.0774463153674063,0.14308813286401356
1081448,0.5629034115709242,0.12117500474513455
280200,-0.07022745808274262,0.13154938281363196
1085060,0.6526457127848531,0.13234588305125639
1081604,0.5581304310312255,0.14296525855769704
1088122,-0.34558679651373486,0.1367873811869335
1086364,-1.0552487093809486,0.1280036921681
1088404,-0.05333450472404612,0.1431128798469822
1088386,0.04913627452720526,0.12480557340006396
1080786,-0.42008262718769945,0.14111869141074698
1082010,-0.3287924037740351,0.12849225998736316
1082614,-0.5414732966026266,0.14859459339683392
1092510,-0.7221475219734154,0.14187785343690756
1082044,-0.3023832534154058,0.12166878669326169
1082250,-0.3887298623515674,0.1287927298567332
1092882,-0.026137933532555006,0.1354841546458441
1080332,0.03686748912158109,0.13828882692182984
1088432,-0.1178599912669117,0.13578496712779395
1094184,0.04641511810046892,0.13204240440569076
1088314,0.16519689361725579,0.12968641867588696
1081642,0.6526112552126202,0.12785828192050278
1086452,0.017644936486688384,0.13978991681382416
1082224,-0.3833855641480719,0.1421446986257798
1081838,-0.13974369556916527,0.14600501995930976
1091450,0.8765092583870803,0.13040666646417087
1086222,-1.0154216341139897,0.14470421149145604
1081416,0.29223798705756016,0.1326564161011123
1089236,-0.14167926116644664,0.1374232516946739
1084632,-0.23382562752933791,0.11515328146588576
1080154,0.1875358290361859,0.1339244458096392
1093450,0.02200224956691838,0.14101401347963047
1080470,-0.18782030918990678,0.13187702320648417
1095588,0.14500249575724497,0.17421580099091116
1090122,0.8430738730691448,0.1339456133861788
1085724,-0.2094864160418364,0.12417831784510015
1087214,0.05025949138123822,0.1382066577519136
1090944,-1.1172677994323932,0.1418905206384183
1086074,0.784017444871399,0.1293696841199846
1085120,0.9290430025157748,0.13089384368825974
1085320,0.9686183628274917,0.1336928470037262
1087038,0.511300778718795,0.11951521267080696
1092312,-0.10902814686588173,0.13176504575328135
1087634,0.269005445349836,0.1372487403512761
1081280,-0.23124340145513966,0.14184891103360853
1088646,-0.20838565343670684,0.12944682319344147
1093626,0.5376937916454047,0.14117633043632669
1086180,0.5568809903134941,0.11917625316487503
1095708,0.017373852182790778,0.1959361176722904
1086632,-0.0048608570886425366,0.12718128349768576
1093814,0.15124167695704477,0.12761785566715875
1085446,0.005020729953518786,0.12912703969078934
1090204,-0.20020935420773764,0.14831782664919935
1086228,-0.7705949855820434,0.1292818731108714
1081854,-0.15336256753844957,0.1344214386338562
1085322,0.7558265455623511,0.13491177445969177
1088266,0.1313478359485242,0.12950461568564178
1090060,0.6547430081591994,0.13405903312143025
1088106,-0.511274829884957,0.1393489473308802
294390,-0.023429624385421444,0.13118871435643154
1085666,-0.46679808292392844,0.1256036448079905
1080458,-0.5529838440481047,0.13920269155351353
1084032,0.5464036230515842,0.13195649015738978
1080932,-1.049164139413778,0.1507990359027937
1093624,0.30995038409761483,0.12003658191054085
1087418,0.007691860710189431,0.13612197403685738
1088856,-0.6963549067734468,0.13600456799759233
1082266,-0.14322769560579382,0.13966255031788413
294000,0.3451827119695032,0.13001194420045897
1087048,0.015287926968978502,0.12646259944885666
1081628,0.31887843527887627,0.13707124629192222
1088294,0.2935284919779058,0.13146777485393954
1080604,-0.5055239928577754,0.12823806446182004
1084230,-0.7682934971579801,0.13218972098955867
1080272,-0.03752853852966209,0.13127608573192867
1091358,0.3642819279225653,0.134194179110139
1082270,-0.201244145652884,0.13944486955719096
1090070,1.081739501841865,0.13081892211562018
1087326,-0.2008798486199195,0.13784355649251884
1083280,-0.4631250345402956,0.1414197120977558
1085758,-0.01874171835256839,0.13082523235417245
1086218,-0.8377699595192573,0.13280042712373555
1086374,-1.3252481228186488,0.136135750411498
1087008,0.34396260848685134,0.12603526937301612
1092118,0.16000182153794443,0.12263633120182148
1081208,-0.389922337112482,0.14907688600286867
1090808,-0.285601575522017,0.12182634842605639
294208,0.48406769319785964,0.12854236716132436
1090346,-0.09686679412654668,0.14694012920944852
1082124,0.40862893566024006,0.13990299329653721
1090850,-0.455506594231421,0.1240940381863573
1083268,-0.5271950614290538,0.14535507436331718
1086984,-0.712022222943256,0.14117905539676942
1092406,-0.11570334342871283,0.13198713012164787
1092206,0.6036452842585808,0.1386579708355949
1080950,-0.830021071459974,0.14181079335936653
1094110,-0.07016949118532209,0.13453988604785233
1093502,0.000885707736786975,0.12609973683835343
1085428,-0.6561556349120697,0.12624033891848455
1082496,0.44160062638940034,0.12294467423953884
1084014,0.1287908958427829,0.12235483727754384
1088464,0.6512644963029316,0.13402108708738572
1091216,0.3582919924339795,0.13234367345086875
294272,-0.34921252436280004,0.13223518356977218
1086246,-0.8353450727945103,0.12773176613423842
1084730,0.21580444928387316,0.12615089891960402
1082610,-0.29856921591161945,0.13961876895714148
1086650,0.42713862541281544,0.12824941443878862
1088406,0.11915311443420565,0.13815435355885877
1092500,-0.27701893455883764,0.13330872825508377
1083288,-0.4251278434717414,0.15355936845249474
1085326,0.8300230704401269,0.13032823909496832
1091422,0.580145445710578,0.12150443779334144
1081614,0.276207135985074,0.11853824226291174
1083014,0.28662390328492654,0.1392557031982333
1093534,-1.0760762069606227,0.14130180235556017
1086252,-1.2908770748671294,0.13854003985611837
1090832,-0.9285361841129793,0.13188648648190512
1080008,0.26330169485079147,0.1293975080640074
1085448,0.16926818590607437,0.12072969936449596
291600,0.6258943576908612,0.125409218234515
1091016,-0.24249430936546923,0.14189637471918684
1081490,-0.08682971101433518,0.13240083009302642
1093410,-0.6580959827602568,0.13848213084494015
1092328,-0.052341543946229606,0.12841365741585523
1081806,-0.44720149419255406,0.12506183458649464
1093264,-0.5896235616300515,0.13932551976953078
1082740,-1.133272214371516,0.15543397313226498
1081708,0.3163932474445761,0.12726416688457168
1090946,-0.35764589281611736,0.12225263943893445
1080684,-0.38329560467716167,0.13826326972086947
1088238,0.3311044200263209,0.1264889957816058
1091530,0.9059512609953908,0.1312480519230562
1086442,0.08992320614398575,0.15221425636216593
1085172,0.5654748527086051,0.1304341258524871
1089836,0.14938510174696312,0.1332516904908541
289400,0.01140082963358916,0.13794280154231114
1083882,0.038329562708346,0.12641911268711195
1089230,-0.25740098641877646,0.13173670744095653
1080660,-0.6064732232311998,0.1341305052553315
1086812,-0.5945136971330931,0.13512732530669727
1081878,-0.36389980278077,0.1362512356279754
1088548,0.4517319730092551,0.12923024086364632
1089840,-0.08113188100583357,0.13601945858260744
1081426,0.6933998090134142,0.1397256975656659
1081782,0.6723063295730838,0.13042295521356242
1090256,0.030378826598378462,0.1402597153445407
1088268,0.7430327468813657,0.14703045336612683
1090662,0.5005728694864372,0.1292988086054174
1087436,-0.1986223019737288,0.1389895446933488
1092444,-0.05634278987314946,0.1407619666150494
1081640,0.7880737412661544,0.13554723727324947
1087240,-0.10116584816663797,0.12796997507126381
1087924,-0.23068596775464348,0.12158357698827917
1090440,0.5106990477440648,0.13924039097645563
1094028,-0.15525794075276744,0.13362037983920783
286600,0.09562514734418347,0.1459230200067991
1092908,-0.4371056092563298,0.13489302505906622
1091664,0.02636873175551144,0.12408537942559482
1091308,0.6364374371248696,0.12731840888078497
1086034,0.30720906227932837,0.1231051628135991
1085814,-0.03671483052634235,0.13372949964729738
1080850,-0.7331141804167988,0.14451394140613508
1081898,-0.13739310432766152,0.1367245302564741
1090464,0.8690403608674944,0.13059147618313227
284400,-0.038195779516112395,0.13206850957283015
1080424,-0.4636462889908962,0.13528294207262787
1082598,0.2932931710826007,0.1318122987527896
1085064,0.4454566979205393,0.14197154944284798
1087824,-0.13482765133102745,0.12767702068623832
1086040,0.6881053278775083,0.1275799668923379
1090126,1.0478716616638915,0.13339516260070927
285210,0.5786203233617147,0.12816637931872682
1092228,0.10593537602969409,0.13158631436983365
1093756,0.4961147403749355,0.13641501574267872
1091716,-0.46227154064737497,0.12931932090616677
1090454,0.5272495456833992,0.1343918451293886
1090424,0.29998820080958766,0.13476384974013586
1088114,0.10587253187631995,0.1405194478482788
1089624,0.8846220909535405,0.124579150460316
1092204,0.3387131901320337,0.1308329577547177
1091454,0.9737751567488729,0.13346764191548058
1090838,-0.5260215785646708,0.12921115810318962
1086666,-0.2736693866610633,0.12938803836775864
1087432,0.10381373521550206,0.1373049331762893
1093494,-0.4812800795006884,0.12555712086141682
1083090,0.11289169671987698,0.13326636424345595
1080792,-0.7229907844011972,0.13574962591793818
1082638,-0.2454578381015941,0.1371715174131964
1087344,0.003228873446385792,0.1341433328999933
1093732,0.43044701872020924,0.13563997847878256
1087346,-0.29724064265835504,0.13707608575962585
1084206,-0.3265726155263013,0.1319059718125296
1093914,0.36345328104567654,0.1250357897115381
1091610,-0.0499839962002833,0.13320696593266942
1090820,-0.7290197191805718,0.13310419092781064
1086714,0.2455916405322562,0.12881841910765376
1087912,0.11459826723562472,0.126021128077153
1082434,0.25526519962834193,0.127294787030632
1094714,-0.39711285957573095,0.18140003086366105
1086428,-0.14492820050552946,0.15182041840709373
1088458,0.5632564923471165,0.1477241681333363
1088494,0.253133837919247,0.13764713835924774
1092826,0.038984539610374645,0.14236412753010058
1091718,-0.6428271199560613,0.1304590069827779
1081946,-0.026032437130882827,0.14325851518571092
1080164,0.1484226474830193,0.12751496052603103
1087962,0.021362195611422045,0.11815175711526675
1084628,-0.2943718040268152,0.12115339089013367
1084662,-0.5718578918508661,0.12703928055401173
1081474,-0.03196722421368311,0.13668477795508768
1088838,-0.3865186486777872,0.13593670996895424
1090528,0.3310766352073829,0.1425341490848135
1084586,-0.05441389114641372,0.1358078632157104
1090444,0.2971690363809423,0.13836710221211965
1082516,0.2905755799241532,0.1237011368864648
1087806,-0.2154175616734461,0.1242472342389472
1093830,0.3844744488642757,0.13881038889718103
1089694,0.9436679726276278,0.1235035453328572
1085452,-0.4224054732259145,0.12718015026870072
1084034,0.14383554671010534,0.12450109188221223
1094114,0.18927638934782243,0.13173936976965409
1092350,0.18758374916801823,0.13565624104407845
1087306,0.3178672874182397,0.13138548242946133
1085050,1.1245623990075506,0.13706203964424415
1089980,0.2906581043493356,0.13854005512251222
1086874,-0.942785972322461,0.14317334466197335
1084312,-0.2868698232048703,0.1332587555829151
1084254,-0.5297498225829036,0.13669506817296703
1084008,0.5038672194381264,0.13120983786858276
1080438,0.02265628129892591,0.14604389066295617
1087092,0.44872376463978725,0.12036425895294045
1082206,-0.20125274499229825,0.1334450716626429
1080692,-0.5166828838588123,0.13492138455063898
1095506,0.16932294254797028,0.1724621615354053
1089826,-0.32111777140799247,0.1352614203638787
1090056,0.9938021369077935,0.13241648633821165
1092230,0.2996610349713234,0.1303335740759948
1080406,-0.5670910887059476,0.13583348855068125
1083816,-0.7156784114177591,0.13924751664194276
1084324,-0.7963359803555231,0.13428808222010616
1086086,0.7978529044038116,0.12002982219969739
1088840,-0.0956141795227021,0.1199488700222776
1092424,-0.9361100486467425,0.13677899528269732
294322,0.313795021372604,0.13670192973294193
1080236,0.21198599299112197,0.1357374372334857
1087884,-0.0564439178083333,0.1250404186081674
1080410,-0.2805258310207874,0.13386310581514138
1089710,0.7738608402131637,0.1250471079077563
1086128,0.4327175932972607,0.12179743234944626
1085990,0.21700376354713616,0.1370709477886525
1091692,-0.5688088688163925,0.1313139688452378
1092828,-0.38271134261401685,0.13181955732267778
1088436,0.06531556161660108,0.14002168415847105
1080144,-0.3432523099472987,0.13515628355798778
1080456,-0.2763055096685056,0.13823745314638797
1090320,0.03246102167412511,0.1382074808328898
1084582,-0.10291006798440572,0.13481827884858258
1091592,1.1613058885462622,0.1334405794111043
1086080,0.16637175338531207,0.12544074049368603
1091614,-0.5050697873565525,0.12367443100082323
1086806,-0.7871651609930083,0.14283641220770305
1087484,-0.29876880177550386,0.1306371433299192
1084576,0.03612641465996268,0.13318320126344238
1081784,0.14737508819406303,0.12836107802383595
1083274,-0.5095619529148259,0.14326061199991819
1090530,0.23566302704748177,0.13240774563483776
1091036,0.1930606993031579,0.1323521855301438
1083302,-0.3329688372594682,0.1493153156810908
1080440,-0.29980564329347725,0.14559958300454942
1080392,-0.20639613927301625,0.14249789968345325
1084350,-0.5058333097049402,0.1312922327295579
1090046,0.5306442433476662,0.13762996413518425
1085104,0.8351353318702172,0.13203467759219645
1092838,-0.5780485715641027,0.13813196121901503
1090058,0.7542748230081514,0.13163225338991041
1092810,-0.4758184459971071,0.12631260464473776
1086242,-0.793518121019481,0.13341991281233428
1090640,0.42938923011370933,0.13370454504113632
1093804,0.3834507296542983,0.12636777815010503
1086236,-0.5342665652589581,0.12516408615968927
1085018,0.5580795782015235,0.13368509296599385
1093368,-0.5076631920016819,0.12046728218043654
1082100,0.3581305728939217,0.1253867179339854
1093912,0.38059024008165177,0.13593879136832945
1091222,0.4039933025942012,0.13152900177293314
1086058,0.05592393103487073,0.1308223733802481
1088852,0.0020314022373272692,0.12748775287969752
1084224,-0.8794245185269516,0.14071971442131853
1094820,-0.24624317764905454,0.18144479928883736
1086282,-1.291606599768782,0.13708992722880553
1091590,-0.013251169428714587,0.1319617409628694
1091634,-0.46520465539572087,0.13725617747881744
1080940,-0.8354047832655646,0.14523469031794303
1082450,0.4065174277923551,0.1298758613720706
1090248,0.3794558849592174,0.1497827139292419
1092048,0.13118943792902374,0.12279709968537181
1086730,0.5000336645825768,0.13155201600796793
1088814,-0.14684100972215539,0.13287768732290212
1094046,0.35229278293297067,0.13550643382490102
1090232,0.06803390059069735,0.14182033894986193
1087560,-0.2681128734602752,0.1408798184158286
1084410,-0.500126354214683,0.13876912987922166
1084416,-0.25750040398870533,0.13028894175477254
1086322,-0.6973930303806369,0.13351029054991517
1089252,-0.8281963666802495,0.13518297435518997
1085218,0.5508272518882517,0.13429256612995769
1087628,0.9813568162199532,0.1455573933593497
1090030,0.7113577748442225,0.13843013981791008
1092858,-0.7180923654953502,0.1355276598216386
1086460,0.4656111192227742,0.13737907761970217
1088072,-0.30799649422071645,0.14050415633573443
1090762,0.07186225319830733,0.14639655882851654
1087072,0.6367739008490113,0.13824019346892807
1088926,0.20157765198681032,0.14379735789835288
1092034,-0.02056305729327826,0.14939353073227324
1091064,0.11938485995252732,0.13739461503119957
1083814,0.19570540911011244,0.1405652438802443
1092214,0.25736910320864537,0.1345913868898707
1092904,0.02763657131684459,0.155297361162453
1095250,-0.5382154217961934,0.18514490060971972
1093716,0.11666350491824694,0.15538836675879059
1091584,0.896185633621112,0.15122014357809302
1093702,0.3510912461694932,0.1556635074125092
1090312,-0.40597461419052366,0.14825269632620067
1088450,0.06205179008463856,0.15221111258755324
1083824,0.009499002689174625,0.14950586977577154
1090216,-0.26413656465718166,0.15409753066718526
1093456,-1.008109513989145,0.17546184596204098
1085238,0.23472755467785641,0.16900759958075157
1080300,-0.04483758283453772,0.24641651370328868
1091206,0.2092150014036034,0.19789409283581103
1086456,-0.5476845893164244,0.181885042647936
1088074,0.19577242934341144,0.15506515859722647
1085714,0.33723002045852973,0.200780747002062
1084646,0.7013836640107506,0.20499319575193695
1087030,-0.010440402308345326,0.21125696373108685
1083934,0.016604889713758605,0.1983332716944985
1093416,-0.6162470743929994,0.2308357829922517
1082216,-1.051257709561941,0.2463834071205065
1086886,-0.8521486099536454,0.23746027870462239
