ID,EBV,PEV
1087120,0.379078475421122,0.07048022358450368
1085618,0.005093572240921438,0.0838454398826242
1091040,0.260645426015746,0.09024222105938652
1091686,-0.18884376597377223,0.08957825518680484
1082624,0.24627903318280805,0.09385689182441044
1088628,0.10596504604344081,0.08710957747371023
1088644,0.08902522405316714,0.08041568844199184
1084648,-0.030231766971276396,0.08753003189893825
1083276,-0.05004128094015697,0.09899996403659893
1084112,0.33346576087724056,0.08611810573051257
1094004,-0.1854513348626275,0.09056331786838671
1084022,0.43276208997506693,0.08477028857157443
1085330,-0.3238252832914439,0.09247590085745368
1088676,-0.2050286809228318,0.08722539149476533
1088606,-0.03400483109410443,0.090805229476167
1080862,-0.1484526072721749,0.09595050252682878
1090712,-0.31691533772819214,0.09028582868339873
1090718,-0.37404397448430593,0.09951766919731993
1089706,0.231614480675715,0.08181932719168002
1093734,0.029702391339570755,0.08737883961702862
1087716,-0.2598316958499285,0.08322985533192247
1088416,-0.0692452904362444,0.09338417056359258
1088384,0.10343919765040971,0.08194774987799724
1088608,-0.03281161289426486,0.0912730142595801
294054,-0.28511328362603927,0.08941429479252591
1082458,0.1714006179992899,0.08798257008208445
1093220,-0.4639237684100952,0.08725929800042252
1085674,-0.028004537528179413,0.07859587653485312
1092304,0.1244148606719784,0.08796492605700215
1093272,-0.33300217961628226,0.08601915206609902
1080958,-0.2421133198737206,0.09662404686071539
1088278,0.012983725812752693,0.08573107366906167
1090816,0.419311223118809,0.08835292433189106
1081278,0.1491925133919774,0.09669071237208417
1088664,-0.0594848152425199,0.08201658391089141
1095268,0.1216715247952996,0.09921269164623359
1093708,0.08084625518338247,0.09327116268593137
1083844,-0.0052148080925918236,0.08577775998573042
1089612,0.3598810073046144,0.09267923985185174
1087932,-0.12965088086087367,0.08572018943343952
1088686,0.2254179720027105,0.08640876890926019
1084228,-0.23427435014997997,0.09216100145097637
1091092,0.2494067853874748,0.08263536066245847
1083348,-0.10999524221897966,0.09768070277410816
1091656,0.025400284001741782,0.08415422076255734
1090758,-0.5054942331472099,0.09697642064295402
1091204,0.21763683125813618,0.08939053365252266
1085738,-0.24527210077729433,0.08389209636627479
1087834,-0.1455596790001459,0.08899151082631432
1086654,0.20010983229325008,0.0848140400620999
1087612,-0.1978090470905662,0.08364156642917117
1085408,-0.21661716723936883,0.09103741116879475
1081892,-0.02956648212709113,0.09141333217728466
1092058,-0.14008397435651307,0.08109131854689021
1087808,-0.00440904902327831,0.07953326334249135
1084654,0.02772507850121973,0.0814073238710085
1091310,-0.08974067710838189,0.08693452032308133
1089606,0.11843394155109195,0.08092790208514324
1092224,0.12038644052856821,0.0945112361409059
1089374,-0.12465884474694972,0.09469473745684868
1085648,-0.17717757885241425,0.08545107472891661
1082694,-0.10834171892039608,0.09532726619074905
1090922,0.18640492181078214,0.08803122515268808
1091020,0.3616810159823208,0.08914336676756175
1093256,-0.19220653263199466,0.08573669726507317
1086314,-0.14803089493489624,0.09026930710035218
1091720,-0.14299719633010397,0.08680552096842879
1082310,0.3151111819169406,0.09394779087894863
1092896,0.42450761411684196,0.09960907635741792
1091336,0.17674989935716645,0.08995378914420667
1093408,-0.04661256399248742,0.08696813577203646
1086440,0.047530282777554056,0.10240940561398298
1088826,-0.040683122154129184,0.08436767695734161
1091162,0.5624806045226667,0.09777896308742365
1089356,-0.18044462484630155,0.09539552178564158
1082004,-0.34846279450665635,0.08684440459490557
1085036,-0.1879075483529501,0.0904153309299573
1085876,0.00151944532268136,0.09450801262772662
1092076,-0.010843762301365715,0.08371500328736235
1083102,-0.013085774097661412,0.0879276940975337
1084710,0.11484425798398597,0.0810253853931467
1090872,0.36551164205274234,0.08453189546099905
1087830,0.34615903201092785,0.0913890761088693
1091732,-0.28324419637975246,0.08523585971144422
1088216,0.10459110997290595,0.08820362362248874
1087032,0.49856801464262807,0.08380797661499478
1085034,-0.14821644572820447,0.08917916307697325
1082418,0.23106561205951975,0.08501157503455006
1091048,0.10048046310315234,0.08344377410734419
1081634,0.3174591479751975,0.08999157632510012
1091706,-0.28239418555082235,0.09010818902365701
1082532,0.3087288451865327,0.08699171956569982
1092354,0.10055084345946104,0.08559496618062747
1086918,-0.06390929482972803,0.09458299025570083
1088634,0.042192202064781324,0.0846912711551303
1085462,0.26644282298534755,0.08832075811868789
1085070,-0.12132598247315368,0.09060269582322693
1084624,0.19500904937151856,0.08215003323754128
294374,-0.10425483653622421,0.08618677041444106
1091596,0.6623546130738137,0.09408905368407902
1089212,-0.2544521361014045,0.09034233608137485
1082510,0.19819928980687052,0.08355097849009509
1085486,0.24965041721012562,0.08400404431201558
1089708,0.14169112343607393,0.08979573449613139
1081274,0.4630952537073929,0.09908194476427602
1088690,-0.0706850897666121,0.08125059045612376
1088282,-0.06949899924790877,0.08467891186234573
1080352,-0.002003712528419521,0.09509182239002985
1085708,-0.17790168996493302,0.08258957641876061
1088876,-0.014791715303738079,0.08715659677288017
1093506,0.3290869841479355,0.08965189610011023
1082148,-0.2586290427953193,0.09122860067606872
1091050,0.3213182272830209,0.09140855586142822
1084618,-0.08581684623519759,0.08037157461734001
1086982,-0.4152029378381321,0.10149586853543541
1083812,-0.03511485856403242,0.0849391036087597
1094006,-0.16407982529180798,0.08397742962173713
1084354,-0.21943485340049596,0.08562581068111917
1084296,-0.2653353461505401,0.08954282987860954
1087660,-0.3235086245739522,0.0924133666878403
1080848,-0.19969361387212034,0.09860047555531484
1093812,0.49068247293981565,0.08067622203790197
1089646,0.14078450067037254,0.086179129288729
1089234,-0.16709644233623658,0.08895905988035128
1084298,-0.056631241385921884,0.08961314345433527
1081484,-0.07857910432182985,0.08279764286519897
1084232,-0.1843472769971227,0.09818124902300847
1086224,-0.0768760466274244,0.08948629081230311
1093784,-0.08463900859014847,0.08276758512997615
1092036,-0.064565319492547,0.08771984477935701
1080222,0.10818992100120231,0.09191096417696047
1085742,0.09972289371695847,0.08353062864598629
1091226,0.09305898019372685,0.08806775221231283
294350,-0.007634768681050677,0.08844371931431957
1085698,-0.08131255256432474,0.08360702547746006
1088626,0.039870344570491704,0.09033536814393854
1091682,-0.25171586082338215,0.08636880263471529
1086256,-0.2086607963507925,0.09191990493600995
1095386,0.3090828226360989,0.10030154751317655
1090770,-0.42144280521547,0.09304159843059305
1081598,-0.559603157618575,0.10022100160268325
1088666,-0.1595200935915379,0.09271642147649475
1089220,0.13872156281613604,0.09863447664741025
1085332,-0.16596719370896212,0.08967151228738783
1082134,-0.21807600823652948,0.08753226099138996
1084404,0.13178426461822584,0.08492151262573298
1091438,0.300319444236628,0.08370783848294688
1085108,-0.25366284492661256,0.09158946113364627
1092042,-0.10392179226173766,0.08756507954646502
1080428,-0.41055808672514416,0.09976230737100777
1085712,-0.033513506996113954,0.08390063605609771
1082164,-0.40705478905197473,0.09830363994716877
1093754,-0.05177566652374338,0.086089799363735
1081412,-0.08565070706782747,0.09423581865002989
1092222,0.07609674219750077,0.08828453912431958
1084048,0.500483752426949,0.09934533174524955
1083234,-0.19542623627482666,0.10085259728185492
1083818,0.2295873307698695,0.09036367275584682
1083946,-0.010904751851782106,0.08417342117597217
1094054,-0.1350045973125326,0.08659507062578636
1086884,-0.23140206674606215,0.10399283623805776
1084050,0.5041596156547555,0.09067065654436061
1088230,-0.12240502331146244,0.08863903139847072
1094118,-0.12983561775644203,0.08808594590107383
1084092,0.4361780265303938,0.09562205425652215
1088212,-0.1790693989897038,0.08557445695273007
1087250,-0.039809638313952136,0.09391524753630229
1085612,0.08187592112169316,0.08168625385938749
1090852,0.2430933601161374,0.08260261277739826
1090098,-0.30284910314637836,0.0842794148253546
1081330,0.14046289796884026,0.09248499439507808
1080186,0.061904384968466,0.09396826187303263
1081358,0.37474348552924697,0.09269630356445517
1087458,0.0007256569476576985,0.0951363250527799
1089844,-0.43458087140309837,0.0988334568523035
1084122,0.312119414367493,0.0844970101185813
1084346,-0.27548714491044746,0.08783259508982319
1080622,0.27513385097181153,0.09121641225658356
1080920,-0.3047491353920691,0.09993186067028087
1086408,0.18451389041621385,0.10929607163313801
1085780,0.05113267939245451,0.08395525294949217
1084406,-0.04125849982886278,0.08636310788548832
1093712,-0.1579091993406743,0.08913601236567131
1091068,0.28398052405694946,0.09263799921684164
1094066,-0.1653333740054512,0.09179535711780525
1084642,0.08306148666817721,0.08718950288075655
1084248,-0.3996977945811669,0.09596918009735546
1082618,-0.06952090251526656,0.09960181297909919
1080886,-0.21615361784478992,0.0998826617237049
1092168,-0.39870877940495963,0.0889341134405462
1091608,-0.2007909991391439,0.08341310229969572
1081450,-0.1788212304021762,0.09142666358233034
1084462,0.17214628954036412,0.08939799947703242
1080830,-0.28989084932191866,0.0932933077522285
1090412,-0.2215998668085318,0.09099961328982396
1086032,0.10957945004155017,0.09144676635653401
1082696,-0.05713089065432705,0.09575909050230612
1084408,-0.15601994724587315,0.09064697669050534
1090104,-0.12725859386577829,0.09111914384451875
1086910,-0.3045436202688089,0.10258216527122452
1081842,-0.1930848927775523,0.0968325952397685
1088822,0.08823189222175912,0.09040443474671929
1081570,-0.04947992726103008,0.09142450179545025
1084272,-0.2242235672177373,0.08721036444473956
1081342,0.27228271544066573,0.0999591387174656
1092890,0.036260900653708475,0.08655152038024429
1081724,0.4550567139647073,0.08307949002485
1081270,0.2642966447298752,0.09382670228244404
1087680,-0.17878777553999553,0.08837357527999883
1092416,-0.028875514452139338,0.08892737695900384
1081692,0.2538770732400434,0.08578831433965618
1090422,-0.12512624920201698,0.09572512016797012
1092320,0.1336957677303974,0.08868042800397992
1080030,0.09806629251838893,0.09025125633414538
1086914,-0.016778222649021794,0.09498687264227924
1087124,0.47802821920726635,0.08633324603947523
1080408,-0.45128158182034556,0.09412255993761513
1086634,0.050711592713642846,0.08402194137986384
1091018,0.34968442593063276,0.08965086605023954
1088014,-0.40272669315701287,0.09591150847790694
1090442,-0.17311679721149617,0.09674751803406142
1087040,0.47631860661783665,0.08656720955510179
1096166,-0.3699856020727891,0.12026249236714734
1091060,0.13256030259708038,0.0864823617581152
1093606,-0.047241125703520855,0.08501778990381102
1084734,0.09651978524829782,0.08083166817948519
1085980,0.7102890213163866,0.10790371573265942
1094112,-0.22156715752531636,0.08698529987303875
1082412,0.3841832954067871,0.09183948689702101
1090652,-0.2870786427101694,0.09563737302735573
1092560,-0.2498706954689619,0.09311446092003563
1093222,-0.11925926362626915,0.0881660770831667
1086438,-0.07895979892752378,0.09921247111574899
1082584,0.20037988995424094,0.08507242265222964
1088936,-0.05198273958085577,0.08646820990579722
1087822,0.37895795318486636,0.09413457846655854
1082210,-0.08180180104795155,0.08552377477718226
1084330,-0.48870693297649814,0.08983223693191329
1095230,0.3986409023172263,0.10262053650477698
1090008,-0.2598167221314446,0.08621822016942912
1084006,0.36163437646530955,0.09019496823837019
1083204,0.1671300546341046,0.09361372977664016
1080086,0.10162846346258902,0.08868977361247546
1095934,-0.11915767892800345,0.11184336653641681
1087620,-0.2645388591226471,0.08913108342064086
1092922,-0.4109585204188862,0.09118411448018482
1080646,0.36015332022786717,0.09523946947277959
1095216,0.07253012988768241,0.104104742199182
1093934,0.7984216322781085,0.09675886713600508
1084172,0.6341580950352146,0.08512170371478697
1083820,-0.11834034908367225,0.08311664877742972
1087324,0.07503347951126454,0.09342401293089322
1091014,0.5012168386060872,0.09813106108985459
1091646,-0.29664679141261624,0.08316603681970747
1084732,0.15923851853385224,0.08449031303428291
1093778,0.04824654455287672,0.08822505682474416
1083922,0.1407009522891191,0.08886303928871875
1093440,0.12532385900468512,0.09093026539008875
1093262,-0.17456014836479636,0.08402693902198213
1088842,0.04759401628932434,0.09258141175648776
1091232,0.21539660646755873,0.09501708686280812
1088010,-0.084249806053707,0.09167524256011496
1082562,0.26142957156801166,0.08761185297112199
1082726,0.12375927457066141,0.09885215772988136
1092030,-0.11118562259323708,0.08438376242274653
1091302,0.01893798183723391,0.08938195933181126
1084630,0.19228133688031016,0.07703991863275089
1081650,0.7712480505219359,0.08859368024567381
1091552,0.24336261969473727,0.089593516634189
1084516,-0.064154844954032,0.08777753886006377
1081260,0.436331186252609,0.09687300122913614
1086326,0.11923364295192146,0.0892688946973326
1089626,0.030170916142844003,0.0906081622186401
1089254,-0.2754310971906335,0.08969119848592774
1093216,-0.12761662706507004,0.08447764786114702
1086920,-0.3632632495208043,0.0988890876074913
1087078,0.40920620217734477,0.08314483557815174
1089214,-0.2831413969152473,0.08732892330306531
1090636,-0.4505200599862481,0.09530100433165122
1085276,-0.3305145088453211,0.10202677542105612
1085430,0.38814039880502677,0.08646468751643158
1086512,-0.0794160554490481,0.10154870831741455
1088040,-0.3097846612946504,0.09656507323181124
1091666,-0.2506085497460664,0.08431705671408886
1093360,-0.2900336159360361,0.08467223428975607
1086718,0.0930702062972662,0.08695294373701651
1088638,-0.04165212647455281,0.08871360396361097
1080116,-0.11744597131677727,0.09164630234582614
1082218,-0.04681999138922711,0.08724641084349614
1082644,-0.005143011895886292,0.09755074165154197
1087454,0.15163805685477316,0.08631133220491177
1086658,0.12954090353421752,0.09147454775084746
1087330,-0.08443478438626234,0.09759170784033926
1088430,0.09181094498885199,0.09378585329620132
1081862,-0.16854769633696892,0.09651431810437545
1082288,-0.03717095841545916,0.09269149206836566
1093214,-0.32571600517343313,0.08532525371159637
1082098,-0.3228199620943789,0.0933741640820511
1080282,0.3247776850092849,0.09907075614026893
1080132,-0.06916379283588911,0.09723988383196576
1082182,-0.4172354619452008,0.0901580158383744
1094050,-0.13165796933948476,0.09145813714147638
1090428,-0.17888149208636914,0.0887222632890568
1092044,-0.1494152562235018,0.09077000397855163
1085414,0.5096670365247508,0.08848756536073983
1088044,-0.19059424624191737,0.09159070483505045
1082048,-0.23156504258481883,0.08567027511332956
1082234,-0.19406591350799454,0.08921234726341098
1089722,0.14835268071407623,0.08857294462823423
1087228,-0.0804743073771132,0.09230934454756916
1093296,-0.06362941936044433,0.08622530315798105
1090446,-0.15270996104620066,0.08718628133363955
293480,0.028746066421925072,0.08786158241566874
1080212,0.18179659372502455,0.09573851963457497
291400,-0.04417440460974062,0.09190409816761495
1086466,0.16160517127495735,0.10064724578548412
1082058,0.146449579065055,0.0865297447479458
1085244,-0.3947742755570511,0.0925470360310818
1087616,-0.31206403618001394,0.08895616633942856
1087522,-0.10560215609944007,0.0897558931431688
1094136,-0.07513973338899615,0.08384311264233836
1080174,-0.09326344806879815,0.09379709906907639
1086186,0.7663679778934407,0.09672476919679203
1085058,-0.1204359054053452,0.09171488895596058
1093686,0.10842900157698425,0.09375993040834585
1082040,-0.06372941879686046,0.08565599047960831
1085610,0.10875937663805077,0.0861650424622084
1081440,-0.009349417502067508,0.08558918661393164
1088030,-0.313829408409847,0.09204557487570382
1091778,-0.05359062538993976,0.08823276541529439
1081868,-0.0973837877149232,0.09498811514489765
1087526,0.032754396132137854,0.08776859117915951
1092032,-0.17040955445737038,0.09563553383263641
1088622,-0.014816674019685961,0.08685547849227447
1087062,0.3046551612065994,0.07889826748252415
1094030,-0.40443975738920274,0.08762574480274238
1087828,-0.047738555135438225,0.08275795852214471
1090418,-0.1743549028414837,0.08805242155854887
1088848,-0.0226202534428713,0.08951100909229376
1092026,-0.15343738006936822,0.08882639704784291
1081588,0.0300598156218772,0.08491619256778744
294266,-0.361516058173146,0.09088769421322948
1085744,0.0337027299772399,0.08583070908926126
1092512,-0.08959688853444787,0.09498350386514205
1083074,0.18340487573238912,0.09416974434001862
1081896,0.11109565733726105,0.09126879809211019
1091598,0.8236797143061787,0.10020778601305241
1093212,-0.17096047362408362,0.08945419431389215
1086622,0.08565435644468801,0.09065244492948446
1090982,0.2946252317319136,0.08167404301525766
1083876,-0.03443534930126458,0.08886855498352624
1091418,0.37475486796750673,0.08929674318791611
1090456,-0.05822174950734777,0.09629458270061313
1087820,0.08350517230728091,0.08393509030050529
1088220,0.005621867126476362,0.0887403124311572
1086262,-0.18329746105920905,0.09131114456457848
1093258,-0.3382062248523373,0.09128183272984058
1080360,0.04653724642207537,0.09294817386366418
1086528,0.24457972173462594,0.10346497038674038
1089816,-0.4312082120337849,0.09719332313892944
1088452,-0.1066679202854738,0.09129225655176229
1087846,-0.09753216355171766,0.08409760341568011
1091054,0.27988822162949084,0.08438007763644235
1082428,0.17340137894484192,0.08434068075824577
1083282,-0.23497967335542788,0.10377101979933633
1088052,-0.26358304349201406,0.08919209441761711
1081696,0.6336274585057672,0.08721657105068734
1080916,-0.1935304959705957,0.09965056630979953
1093234,-0.34883455469848634,0.0883378287579143
1093764,0.11773224100418297,0.08450492818614083
1088056,-0.33337497401053706,0.09619344891522282
1093528,0.056893110058946796,0.08291487722866267
1093510,-0.02306939519299009,0.09641422959562905
1088836,0.19839175994783792,0.09145929281579439
1086962,-0.16898810449612123,0.091772557675489
1089992,-0.4101604810336371,0.0962493541565294
1088620,-0.11193229653633113,0.07781429585904318
1085164,-0.2304772691617246,0.09785681306461019
1085440,0.028977506431959874,0.07923029539470683
1095076,-0.41851944169600863,0.12013768313547193
1084212,-0.20061489675191604,0.09174773033266415
1080024,-0.15701894214470927,0.09085065577075312
1081828,-0.10147843832743475,0.09306134715216687
1082260,0.5261823735504191,0.10397941458696988
1080964,-0.28660271576677526,0.10035924162460642
1093340,-0.32075020313890873,0.08720911256704525
1085470,-0.06021662631813267,0.08373168316552015
1080178,0.04703818084435276,0.09189694759969348
1089634,0.12100092149101968,0.0828685138458172
1092438,0.08659771651702931,0.0942133637659809
1092326,0.015424874244429461,0.09575147278838159
1093818,0.26163374265227113,0.08913456194560883
1088422,-0.23898604702612147,0.09728056150565897
1090746,-0.3233540716621411,0.08722491564958712
1091212,0.00714631322905486,0.08879897267483905
1088142,-0.07344162256192545,0.09806866983929435
1088234,-0.12180874037991964,0.08941215787039018
1088260,0.15243470389338645,0.08906937430875136
1093844,0.5876940013944162,0.0891598188342944
1091660,-0.26222386615777304,0.08434658971224107
1093228,0.14984751326067772,0.09924841851790589
1087644,-0.20455342766221085,0.08964099269017056
1087848,-0.12741185862886054,0.08683460317994593
1080148,-0.11329624300384909,0.08937626966900342
1082596,0.2908539498728115,0.08559621607657507
1089210,-0.06599373281284596,0.0950002532200503
1089934,-0.5022813904375847,0.09639159218036522
1085242,-0.41494249906873376,0.08946364374655454
1081980,-0.4610933217105812,0.09476916352588034
1087352,-0.0775638598131804,0.09457058469578122
1087618,-0.05687544315960506,0.08945418362290758
1089702,-0.12838743474067404,0.08802233580598981
1083298,0.07247659191400023,0.10059273291074408
1093810,0.7541064016862972,0.10056300006615428
1091038,0.15618300366164004,0.08882450875037551
1092498,0.05292617639580859,0.09504265201455576
1085476,0.5945005521623481,0.09166523613874801
1080314,0.17980814640570303,0.08700650730301848
1087786,0.038533161527596047,0.0922086579908231
1092894,0.12376407590634174,0.08834836484593811
1081916,0.14129371916157843,0.09229426707134299
1084422,0.13126668338390446,0.08880086722964918
1080276,0.07221411449918327,0.09023527972788208
1080730,0.26926304882668856,0.09301687626128957
1087286,-0.04596979779199661,0.09193570478713678
1081408,-0.312347413740792,0.09513362926498141
1087006,0.18752009775014483,0.0811388616110573
1081436,0.11228814250241528,0.09719962821014774
1092014,-0.05031304240334991,0.08463143626775563
1084042,0.5195099387326534,0.09467378929272299
1088412,-0.2120464613318968,0.09507610680206033
1082342,-0.018153848409882226,0.08168385448089048
1088846,-0.0240406875748644,0.08194479168650533
1087430,0.016312157917939413,0.09531006800558589
1080214,0.41829069146808434,0.09710380886093523
1081894,-0.18260738833740048,0.100239591490186
1094448,-0.1964529821936149,0.12186190939084994
1083012,-0.2793468292621676,0.09934029660612603
1092820,-0.0020177135383911845,0.09117726705070053
1094116,-0.19765561627181824,0.089378875577313
1085340,-0.4712115553233085,0.09305026819417224
1085204,-0.38129373936258887,0.08985892377367043
1084644,0.20300526953664869,0.08234244344875595
1085054,-0.11780916475175209,0.08931767502613969
1086514,0.10977102806873618,0.104185535718263
1093974,0.47408481234491945,0.0898561673994975
1086152,0.4193713916037168,0.08307272649731698
1090818,0.3359668307937781,0.09050037141339275
1082474,0.14762250595758458,0.08785006115435202
1080874,-0.28242107074371886,0.11209310584733065
1083858,-0.24747313846495111,0.08743654920798608
1083838,-0.015984241418663,0.08613438990416335
1085274,-0.4521327307221295,0.09350096309554293
1085436,0.03673632405940888,0.09108289483282624
1086518,-0.032832610793194626,0.0976690783682298
1080472,-0.30333515789906834,0.09854187952426978
1082248,-0.18204857989443274,0.08709176391918647
1086662,-0.1059090207221137,0.08823203077808149
1090810,0.3521758481529387,0.08480927021317576
1085704,0.06275148639505815,0.08176726871414465
1087318,-0.38303717806169857,0.09307723554186394
1092020,-0.29440695697977903,0.09303631917204361
1081720,0.6324973552754165,0.09093034800320664
1084222,-0.351312228351921,0.09520200703312354
1082404,0.10288313536993005,0.08274245326326614
1082180,-0.01956447176855941,0.09054659323818881
1080644,0.5194787010074481,0.09833019939629449
1087810,0.027285147935158943,0.08651350407672279
1090218,0.21182811520472414,0.09370527072925561
1084712,0.035637276666987745,0.07978753180182958
1094160,-0.46217461852718306,0.09591819375430682
1085424,-0.011290484855804002,0.08587804049551384
1081846,-0.18151271572526717,0.09399192759419497
1091566,0.3260036973816471,0.08203411276822405
1092926,-0.07226659276503998,0.09406497551874105
1087364,0.11475077773688161,0.09360842131264122
1090258,0.4931574167437389,0.09940616491771412
1093860,0.6415562488051239,0.09625909453297048
1092418,-0.14999078130855462,0.08944752875560924
1084146,0.3992279402172786,0.0904526780545225
1087626,-0.05150708900700241,0.0920145113481934
1087646,-0.16025776651990642,0.08753869196552774
1080372,0.09580611596767839,0.09529423898611414
1091028,0.2988470832153122,0.08974380685323474
1091034,0.22554667300111497,0.08453373139090467
1080492,-0.3837345244522931,0.09683464338122193
1086352,-0.09120887037509093,0.09085627341048645
1087506,-0.029772522974773424,0.0899750277884062
1087218,-0.03204164407012138,0.08930043437606211
1090250,0.36343707802389497,0.10060590761646704
1090632,-0.2762059016134902,0.09545038604312485
1090048,-0.27138120198920607,0.08150399647224493
1093218,-0.26855178088387593,0.08677536748210088
1087528,0.008534726772617386,0.08580592229011771
1089828,-0.39217741808415557,0.09247044239255006
1091012,0.2011367199957881,0.08943784012429971
1087234,-0.013655147436374042,0.08880206126134661
1080140,0.25232762900535166,0.09328957079391263
1083054,-0.2033338029929625,0.09134680033639911
1091254,0.2396812329406037,0.09247956403428104
1085454,0.27346930029054306,0.07991400037985766
1086532,0.2370948439762475,0.11062429677861389
1080814,-0.3032717599179012,0.10285018876815315
1093658,-0.108692490420135,0.09142141318904724
1085434,0.06087629499962231,0.08417849107182161
1086646,0.0005713389764930629,0.08704117881043485
1086056,0.23984462127180578,0.07898226137500416
1090324,0.4187941752642045,0.10523535834197852
1089912,-0.4791067621729525,0.09660702152473155
1085624,-0.13517464172433047,0.08430031762051746
1084414,0.38590552762667596,0.08484165283279012
1081810,-0.3418261964617386,0.09789461934619939
1091238,-0.07148609649066431,0.08693424156271798
1087642,-0.21455465450297156,0.08758383835782357
1085450,0.1996033901956207,0.07939973422056908
1085916,0.1305420488607737,0.09531018321478463
1090618,-0.3637592005479833,0.09553841253873009
1090028,-0.36207115279577,0.09341808021836447
1087022,0.23533912970606466,0.0874442381248517
1092016,-0.2948474209652446,0.09227513040824996
1080608,0.14993894820877696,0.09515059794358886
1091554,0.1400609555411223,0.09026321485918448
1085880,0.15655653817686221,0.08950459896072577
1080494,-0.2377544065025742,0.09088888615020588
1087034,0.25099843336840355,0.07850652503600095
1080656,0.24269091425410616,0.09312528427066621
1090716,-0.2563360767040946,0.09309773015159963
1085024,-0.05247791094415632,0.08482380502315437
1085062,-0.09499087233680815,0.09324870826366755
1089226,-0.07483200674487892,0.09316987342872124
1082140,-0.3368129880452951,0.08819067037561774
1089244,-0.26338988039518085,0.09618162080209923
1080228,0.22706290010393732,0.09420867979808605
1086642,-0.06315992755033864,0.0857404785060984
1090978,0.20152384892280456,0.09106784639195242
1083284,-0.1541261576693991,0.10389967362297563
1090856,0.39832515328894214,0.08694173733991949
1093458,0.08682723794330548,0.09482713849568018
1086158,0.41940858907699574,0.08328205406078723
1080782,0.20482097003677668,0.09580072592357357
1080478,-0.20126945867086973,0.08865694135683569
1080420,-0.26114080920793487,0.09089730172242151
1086420,-0.06246305560242206,0.09824183928286823
1087508,-0.017945120599559487,0.0896424337626967
1084478,0.10711399243367942,0.09079476892363628
1087390,-0.21292547196667405,0.09396984875414952
1081442,-0.2643492147191782,0.08869370985411591
1089966,-0.42299638194901645,0.09472322803630148
1085354,-0.38494473567019993,0.0881435943982807
1089842,-0.41139831110721,0.091286209020359
1085032,-0.21683197972054172,0.08520924885369538
1089916,-0.3718163662154941,0.09277261330275156
1087694,-0.19676247920605214,0.0924682774337263
1087654,-0.12285055993780129,0.09025648917934537
1084568,0.18907085098092408,0.08867276183090843
1086640,0.04756445051587222,0.08328798786228488
1088468,0.14882692278380205,0.09394865105892965
1088254,0.1079405188509188,0.09006860768689111
1084524,0.39665121834753103,0.09546365864180538
1080918,-0.17348323711314095,0.10020666172838075
1085664,-0.04071221241268749,0.08359048169275722
1087426,-0.12259324314767686,0.09298459740497923
1088668,-0.01837375338456422,0.08458065279012321
1086260,0.2879696972812416,0.09427519600983666
1088456,-0.15285877314126234,0.09028984859858077
1090130,-0.22676845168672535,0.0831175733130697
282200,-0.19147941377073513,0.08671196339579623
1083062,-0.10050829312349902,0.09411761197388963
1090482,-0.1479547524215263,0.0900898076314579
1085418,-0.010349928223993556,0.08228421323879884
1081414,-0.22643325284748672,0.09422684506621178
1086068,0.10154050767925563,0.0887019714432957
1081244,0.22485303473402082,0.10595286143724678
1090672,-0.3743547989826283,0.08690058751844472
1086064,0.12028401339020488,0.08815041968178854
1093862,0.5189172905976844,0.08544266031351211
1090230,0.25518878237965603,0.09036985207904935
1085438,0.42263250433547184,0.08126379785817045
1089712,-0.016346467698215596,0.088988598118473
1088272,-0.05168088847903424,0.08259693857118093
1080238,0.25322615971750184,0.10063105666216186
1090772,-0.2814683674473277,0.09799058573944106
1090690,-0.3047279608824092,0.09135470819652924
1089724,0.12271076121034352,0.09066707953539556
1087776,-0.0880407168166229,0.08571036066828022
285600,0.03205176603232406,0.08808778115362491
1086944,-0.20515196970630237,0.10369542225097063
1081448,-0.1571565370718789,0.08487902972318127
280200,0.12466210245591623,0.09279064422269169
1085060,-0.23403813552609004,0.08816446254916614
1081604,0.8504267064850959,0.09763802941915435
1088122,-0.2813765973849798,0.0952808946040858
1086364,-0.09469446132485626,0.08529880223205678
1088404,-0.2398128789306324,0.09283247603875522
1088386,-0.05911015519888853,0.08015103338505396
1080786,0.39232419268144175,0.09565110872316405
1082010,-0.3059578902209237,0.09006146438999937
1082614,-0.08767407799178036,0.10359858602596336
1092510,-0.22944852146946168,0.09275941747898597
1082044,-0.26784878706811044,0.08563302810563858
1082250,-0.00567654928458347,0.08735829067424099
1092882,-0.2017380753703433,0.09224546842951
1080332,-0.1439207027063805,0.09874320361746688
1088432,-0.28495468580714445,0.09179996054964673
1094184,-0.20365901105099707,0.0896588413516526
1088314,-0.07367537166767475,0.08185891856727005
1081642,0.7902597653594454,0.08889262542963228
1086452,0.020281239267647234,0.10065291286110409
1082224,0.017361497496719558,0.09160932428193488
1081838,-0.16558230265705928,0.09441405178356178
1091450,0.3104557936795279,0.08944163835690008
1086222,-0.1280162647889375,0.09642123424578243
1081416,-0.2281485409792552,0.08702292037523877
1089236,-0.23644221057653103,0.09450708407212083
1084632,-0.09132371778589293,0.08428116192152066
1080154,0.04555871729288913,0.08366083814675411
1093450,-0.055307376752391654,0.09612438077150401
1080470,-0.3857749400421357,0.09659886746795061
1095588,0.1489974741389046,0.11169814901498704
1090122,-0.2552220533815421,0.09199731053817142
1085724,-0.030134116252095042,0.0851838892431142
1087214,0.046963847889280076,0.09321129644772645
1090944,0.1899814580958618,0.09358558660662945
1086074,0.5940540549936915,0.09143129075810859
1085120,-0.16595078088916057,0.08933856027732263
1085320,-0.3695197191851593,0.08676162902168048
1087038,0.3482251869287947,0.0803403007213653
1092312,-0.08430024050621913,0.08767643927959326
1087634,-0.16781967215967614,0.08964194298510952
1081280,0.3729577534560893,0.09602844388163764
1088646,-0.0070776394076805475,0.08892317718579519
1093626,0.09268554377308987,0.0952229181496541
1086180,0.3343955032707232,0.0802779234417423
1095708,-0.2598018785696496,0.13454642880404552
1086632,0.11657323851396904,0.081837746818567
1093814,0.465167151714949,0.0862103366647499
1085446,0.02100170634794202,0.08656779011385
1090204,0.2914368300698393,0.09682648812616095
1086228,0.007305645561710151,0.08614298425994767
1081854,-0.07336308929428162,0.0905303836697369
1085322,-0.46862789549701117,0.09143835579196832
1088266,-0.005397440868188938,0.08896538604926123
1090060,-0.28285831432846187,0.09183045049395039
1088106,-0.37131701846328136,0.09127370492889868
294390,-0.07276808770295043,0.0870785788734853
1085666,-0.007480403838113575,0.08428266320182771
1080458,-0.44542582829662586,0.0959116248164556
1084032,0.7013361492171724,0.09483017902607871
1080932,-0.22717625608606445,0.10490106899204017
1093624,0.08056910938614004,0.08227279399439577
1087418,-0.11859648352151275,0.08840356794840551
1088856,-0.16902508595610446,0.08867003036278895
1082266,-0.1375001640547735,0.0901526459139412
294000,0.5573699490453119,0.08516878585731107
1087048,0.2950229866208358,0.0829191592250342
1081628,0.8101018680463818,0.10094621096863204
1088294,0.2222160816669906,0.08925048909885841
1080604,0.2172231341674808,0.08924652898050352
1084230,-0.48333782251456753,0.0916025027018256
1080272,0.03055507970362837,0.09268930311153852
1091358,-0.20038444403474112,0.09268658944965927
1082270,0.3916991337453602,0.09543497232170993
1090070,-0.10614420874276245,0.08914266395729616
1087326,0.005965410014802765,0.08852433499388905
1083280,-0.0678112458029931,0.09787966202784229
1085758,0.1895617670470341,0.08400192713330597
1086218,-0.17374354673018857,0.08909834240661392
1086374,-0.03985935168575868,0.08770074033437866
1087008,0.22973459500994117,0.08780152247315177
1092118,-0.226464484077416,0.0853026763061996
1081208,0.17960960784659827,0.1022146139692842
1090808,0.3456635458975093,0.08376385453629992
294208,0.06815688128308597,0.09019910313208034
1090346,0.22446202518143846,0.09688139776303845
1082124,-0.059278257056851226,0.0911546526351131
1090850,0.23847184146554987,0.08138565346232576
1083268,0.24869341324720845,0.10409442912076483
1086984,-0.16268586846902958,0.09483048722634674
1092406,0.13027347513464005,0.09062500214582088
1092206,0.1319225278021938,0.09178790245751448
1080950,-0.317059967529517,0.09806101122451892
1094110,-0.1566804890753707,0.09145624474135476
1093502,0.1979956042650467,0.08812682405395461
1085428,-0.024938141633482364,0.08519933651220161
1082496,0.23214908862864622,0.08021388094062487
1084014,0.595354982240658,0.08552769726558183
1088464,-0.03189421182263028,0.09001648960845877
1091216,-0.060641450313774,0.08779045426611773
294272,-0.16200871636700365,0.09248902965062925
1086246,0.08082099849418417,0.08172486775444822
1084730,0.4282503677093815,0.08509420369204537
1082610,0.0827964752399982,0.09478172580839567
1086650,0.23457744369934072,0.08404959680620586
1088406,-0.29892076461713524,0.0908903070197107
1092500,-0.12974813244486977,0.09095122791578522
1083288,-0.06947809965470873,0.09850944160234455
1085326,-0.48650395848770067,0.09333486626889971
1091422,0.20327363709421145,0.07920419053826297
1081614,0.4040980429170716,0.08329087587716928
1083014,-0.0752229291657975,0.09310577552287862
1093534,0.005759751148481552,0.09434883857347073
1086252,-0.08084150532957149,0.09310895481479373
1090832,0.3847481174792584,0.09131957688454918
1080008,0.2546080904301027,0.08708086382570575
1085448,0.15258557319323102,0.07751044483339839
291600,0.2960277471105056,0.08051459176850184
1091016,0.16046570233644886,0.09027218092627617
1081490,-0.22405371180414582,0.08788587681423114
1093410,0.036523509573887,0.09291822200918384
1092328,0.061429265092528246,0.0878295579483933
1081806,-0.12126342492434765,0.0887517676706057
1093264,-0.19445908408270424,0.09650195143260064
1082740,-0.05235506573544619,0.10278439418292486
1081708,0.5291732881976351,0.08516276435648985
1090946,0.18899250812302662,0.08061115507142363
1080684,0.48497681454538777,0.09645345861377753
1088238,0.16909547243827294,0.08408519611080904
1091530,0.24774604322613122,0.08732792071757489
1086442,0.152391669050136,0.10067396369948356
1085172,-0.2114402398653191,0.08739860920434567
1089836,-0.41672965082888147,0.09055995850666124
289400,0.004313054430653934,0.09147180286387593
1083882,0.10816716071318179,0.08702519728074555
1089230,-0.16082124039251686,0.09406785015879099
1080660,0.297619777728983,0.09230968267305215
1086812,-0.19617090150115463,0.09450517777084623
1081878,-0.18427887882002028,0.09426921474015518
1088548,-0.10680619091458396,0.09064602381192462
1089840,-0.4537584540603497,0.09262483171727326
1081426,0.28606746024094437,0.10219783235311707
1081782,0.7392232379624205,0.08920691835859937
1090256,0.35225752273999617,0.10141192564370716
1088268,0.4079940770350717,0.10263531503501508
1090662,-0.29164462769528193,0.08685768059851875
1087436,0.026383567608691174,0.08869610497448437
1092444,-0.18767206770673314,0.09697661089701318
1081640,0.6279675442149169,0.09376809184237817
1087240,-0.054275539969377985,0.08737096346045486
1087924,-0.011754287216172672,0.0811655978046904
1090440,-0.10774197621111732,0.09104868887881835
1094028,-0.21257714500238645,0.08882949293909792
286600,-0.015170791607795803,0.10404182924382159
1092908,-0.06916558493690525,0.08549098421462631
1091664,0.06700023817268723,0.08396911632751404
1091308,0.0790128051766981,0.08726661919751227
1086034,0.22965523829658796,0.08628647093056167
1085814,0.009661850660137736,0.09367118931514248
1080850,-0.3916275159543057,0.097860271075708
1081898,-0.023438656232185495,0.08981928737457391
1090464,-0.22174844572990587,0.09194165454841054
284400,-0.17458637665398455,0.08822253808613456
1080424,-0.3385051244956637,0.09160287481305417
1082598,0.15029983175101672,0.08691323638820622
1085064,-0.262708025474696,0.09282648267700307
1087824,0.0058723785102591936,0.08646648180324581
1086040,0.45319115006519833,0.08605565715518959
1090126,-0.2823344116629645,0.09085786972644923
285210,-0.49362169829192315,0.08989095338241797
1092228,0.1120323289663153,0.08627713578150499
1093756,0.07272845514231188,0.08966844290724399
1091716,-0.34880376293436954,0.08617691387042788
1090454,0.23821448107048246,0.09510729814856314
1090424,-0.23642403937129766,0.0880388094062174
1088114,-0.27019882997882133,0.09141842900851654
1089624,0.25253538583451074,0.08605883183715328
1092204,0.08593788249935227,0.08799189697012637
1091454,0.6831323581077675,0.09032007411681586
1090838,0.20837723499509594,0.08516001355714169
1086666,-0.1676488091443049,0.0876052648465656
1087432,0.14979571225204782,0.0916652299008638
1093494,-0.05489149532371413,0.08768008287201419
1083090,0.06693131500490368,0.0861288204652608
1080792,0.05566576274227997,0.09165736679136272
1082638,0.11943410484331009,0.0944106043535349
1087344,-0.1258201044442394,0.09228334178912638
1093732,-0.18395730727057627,0.09215797147079045
1087346,0.059300661008479395,0.09102495269501473
1084206,-0.29383472469872196,0.0841396475939896
1093914,0.5809325141713578,0.08705293560370199
1091610,-0.2658538517207936,0.08906430259158114
1090820,0.40586571644149116,0.089736500776796
1086714,0.12454226787505786,0.08503832153601784
1087912,0.015383168049083665,0.0856455857027659
1082434,0.24856557489959213,0.08447378646497689
1094714,-0.21817757495064416,0.11743882268686019
1086428,0.014416364212474537,0.10172697959056969
1088458,-0.1581058777398406,0.09388419202819807
1088494,-0.13470106765856157,0.08710602117559688
1092826,0.5304242468135267,0.10973071235287347
1091718,-0.327680925324601,0.08555877574534772
1081946,-0.2407720666332124,0.09872953739754405
1080164,0.26941387344955564,0.08910220754152125
1087962,0.01338336557973817,0.08147110547311169
1084628,0.03364010423785963,0.08207214718292151
1084662,-0.016499807490638146,0.08739273824737814
1081474,-0.31407534506689355,0.090794999393419
1088838,-0.050955908435161325,0.09108824516422474
1090528,0.06985042273060232,0.09389777801502362
1084586,-0.07611985473881984,0.09199488059733382
1090444,-0.2268170563505877,0.0941489485679276
1082516,0.2140675479701958,0.0834527496644057
1087806,0.10662734609619111,0.08443962415551837
1093830,0.5783905145478154,0.0915373975210981
1089694,0.01859276821613202,0.08704784565922732
1085452,0.050472768577188104,0.08349410027743609
1084034,0.352141936785693,0.08546008471026023
1094114,-0.24225401625674237,0.08904778468473343
1092350,-0.011413520271901772,0.09004804541437339
1087306,-0.07793454175662191,0.08693838270293468
1085050,-0.12563360867221132,0.08912181156395044
1089980,-0.4742224396593105,0.09658213473180274
1086874,-0.24031849005600156,0.09879912517112675
1084312,-0.17072507235450676,0.08592311657919775
1084254,-0.2488814520069662,0.09153246175397092
1084008,0.4559790081132436,0.08716431785320725
1080438,-0.04648839010496117,0.09710033497175953
1087092,0.2794761710887417,0.08238179205433904
1082206,-0.07274657058401897,0.08768461492681504
1080692,0.3473794522383047,0.09479348746676583
1095506,0.1016601629564623,0.1092397783470369
1089826,-0.5406625331809922,0.09517903110717053
1090056,-0.40066826379287024,0.09181773836838983
1092230,0.19117894199419982,0.08528663763076584
1080406,-0.3166017835731589,0.09704029287187137
1083816,-0.26340387619837013,0.09275886718338108
1084324,-0.4015392105705666,0.09097208945314211
1086086,0.5927913837879574,0.08072923665462713
1088840,-0.008264005139161208,0.08565685551726362
1092424,-0.12306282274480629,0.09429874030078837
294322,-0.20225946930905722,0.09079433725886363
1080236,0.08245150038436871,0.09159680910171956
1087884,0.07422405056165492,0.08677908324861612
1080410,-0.18204045085890194,0.09349492447804653
1089710,0.10384873933693557,0.08351252283654126
1086128,0.49739953845438994,0.08541543135393195
1085990,0.1555650500280979,0.09767745164198792
1091692,-0.4243398290360663,0.0915920495550367
1092828,-0.031102062570811086,0.09266294037941938
1088436,-0.13315708971467868,0.09299287559532404
1080144,0.16527312890777293,0.09236933406974927
1080456,-0.3610960992344735,0.09262294237504494
1090320,0.4215833723599309,0.09224838021066847
1084582,0.29934339480761657,0.08928018568975278
1091592,0.17233589067862617,0.08968238521479142
1086080,0.4178603857152313,0.0811548458905183
1091614,-0.39977179559099224,0.0867564359165983
1086806,0.0607065292538563,0.09836749363215287
1087484,0.10945186833642638,0.09099494112561582
1084576,0.21628896596111843,0.08760526669332688
1081784,0.48287201416952086,0.0837940197546778
1083274,-0.0676310188794429,0.09775999653202165
1090530,-0.21766510595953695,0.09210098774254104
1091036,0.24127043162720146,0.0878653893937252
1083302,-0.07832164838222909,0.10009729445320564
1080440,-0.08025717406748213,0.09510722239620974
1080392,0.345136491322638,0.09634144585243175
1084350,-0.4288457773594373,0.0880445935100704
1090046,-0.035479115509874606,0.09143293039978585
1085104,-0.039067195207331415,0.08812533189615196
1092838,-0.26513492247757187,0.09485539410235765
1090058,-0.2881129394620057,0.09033728589416103
1092810,-0.10073340504117037,0.08459259393971717
1086242,-0.15082092759849558,0.08666647624590848
1090640,-0.504703890870585,0.0957958650283722
1093804,0.5875538361762405,0.08730447025667612
1086236,0.03273026513689903,0.0835169532167451
1085018,-0.2469628769640651,0.08887720689135858
1093368,-0.3644309294679153,0.0873555876864502
1082100,-0.14057883699780277,0.08648645922044251
1093912,0.6249120920283372,0.09831028439793181
1091222,-0.011223616222349053,0.08444096707118016
1086058,0.11562532752631548,0.08573470153581257
1088852,-0.009397841188636206,0.08719573010421344
1084224,-0.23979242302171325,0.10066039716565464
1094820,0.05044368834808645,0.11615818835671232
1086282,-0.14753607067372643,0.09138901235706524
1091590,0.006811637846795316,0.0850760684726001
1091634,-0.247009117127305,0.08883247745912283
1080940,-0.31009532163761505,0.09788628374525607
1082450,0.08848113861602579,0.08464606780439136
1090248,0.6386535669898888,0.1000363336050435
1092048,0.02352273309191213,0.08364879702872503
1086730,-0.06901725149035455,0.0895324129980864
1088814,0.14410753519687675,0.09048374653880609
1094046,-0.11617995102219596,0.09250993969931626
1090232,0.44608734155690766,0.09684157475371435
1087560,-0.12160704007769842,0.09925633463033949
1084410,-0.19448318002255766,0.0917652276533989
1084416,0.05263510235065275,0.08297011463089562
1086322,-0.05980662701560106,0.08954212701678903
1089252,-0.2161858174626914,0.09074577531292766
1085218,-0.38017807373002477,0.09089374358827527
1087628,-0.016678620056463738,0.09706029535660284
1090030,-0.4477194092761414,0.09473808975241976
1092858,-0.17729349724288554,0.09196918790792519
1086460,-0.00940599805025781,0.0867134059728881
1088072,-0.3335513997340675,0.09180835143063594
1090762,-0.3407043546082237,0.09623192003889677
1087072,0.38155515939526286,0.08942290311309009
1088926,0.03910846740750499,0.09257694000088763
1092034,0.006372973488629375,0.09971044957743998
1091064,0.3628097626710232,0.08881092399720866
1083814,-0.02554586741131734,0.08851334851640096
1092214,0.03158830149948053,0.08809374209503713
1092904,-0.1720399889630887,0.1023828341983475
1095250,0.12075817820165473,0.1187379119390652
1093716,-0.010106497010123866,0.10699638437652606
1091584,0.4389167087463569,0.10164723886120473
1093702,0.2736303394769285,0.10565592244670925
1090312,0.3266255612976186,0.09917154616939702
1088450,-0.3256879126024559,0.10758798350778653
1083824,-0.0870030834418439,0.09953691237718235
1090216,0.12725102603620983,0.10233902608388326
1093456,-0.06237672398462793,0.11471508813308295
1085238,-0.36811433816849404,0.10985059174597496
1080300,-0.1668880437528851,0.155994806872407
1091206,0.02065287304080506,0.12967246554279271
1086456,-0.14260797317241516,0.12355223518226555
1088074,-0.014015145769263899,0.10684664622864772
1085714,0.23508775805419976,0.12755542668647366
1084646,0.16727581866111924,0.13901876312821973
1087030,0.09876476220348131,0.13689787369028678
1083934,0.21333389618435122,0.13570927387921647
1093416,-0.11393065719375454,0.15430901337070826
1082216,-0.3025639132607729,0.17328461743345902
1086886,-0.2740707650281994,0.1570195232621686
