ID,EBV,PEV
1087120,0.35676877839459303,0.10635368105483017
1085618,0.022970830165670128,0.12765196456704497
1091040,0.7795440184102131,0.13523691014898243
1091686,0.27049130165849333,0.12912102822032592
1082624,-0.6538163996074509,0.1351873358512225
1088628,0.034368606561987175,0.12396513090241933
1088644,-0.1189744602725049,0.12151457392924939
1084648,-0.1492380384375335,0.12403237153542797
1083276,-0.7014096458671011,0.1479425806423201
1084112,-0.05278638703752673,0.12384920771688732
1094004,0.3082322011044316,0.12980028998523738
1084022,-0.0993703865790967,0.12344273278443
1085330,0.5553999451610072,0.12546074953933456
1088676,-0.5279930273108674,0.12814610679298283
1088606,-0.22687521422740334,0.13044631004795632
1080862,-0.7200475709387287,0.137968351664308
1090712,0.3125046262314682,0.1307405613329754
1090718,0.5432511366998178,0.13089798759774712
1089706,0.8172521478235778,0.12038353478069119
1093734,0.13838135651458747,0.12961318367084795
1087716,0.3612490707252326,0.11793472142836459
1088416,-0.029290351594425532,0.13364861818550058
1088384,-0.3369394917446983,0.11772639119329215
1088608,-0.5085087425228442,0.12257292102288984
294054,0.1513963571070721,0.12962119218739426
1082458,0.3797196854684782,0.12839131154414188
1093220,-0.31066855081687134,0.1265335813493924
1085674,-0.07601258580423725,0.12376186491210261
1092304,0.29685564977403645,0.13002534557633166
1093272,-0.09961945380603641,0.12845759562791892
1080958,-1.0025629076011138,0.13611008717022308
1088278,0.10235305321284789,0.11893058647479496
1090816,-0.13492704422623084,0.12172940798440006
1081278,-0.3465281547584967,0.13755741967309543
1088664,0.10269456723319463,0.12371808806041842
1095268,-0.3097291690051631,0.1506979582290047
1093708,0.5943304977876045,0.13383485811789078
1083844,-0.15137843916716484,0.12266201748189039
1089612,0.49821465340539045,0.13261336743919122
1087932,0.055476988777568445,0.12483998040426465
1088686,-0.012430335895996191,0.12162794338451012
1084228,-0.36401685749953333,0.13380418958837437
1091092,0.47664487280700496,0.12712980354671444
1083348,-0.3155058035116859,0.14510028674916828
1091656,-0.18476808819824456,0.11782348083652176
1090758,0.26840571588594747,0.1313514144876979
1091204,0.2734104496832387,0.1300979877324141
1085738,0.06146076108654336,0.12074574251478161
1087834,0.15035735637295455,0.12584224815985218
1086654,0.5970316506588854,0.12570411430438744
1087612,0.4827094474900947,0.12100753682236372
1085408,-0.03822810032297135,0.12592911326847916
1081892,-0.5545088471034862,0.13116071738953491
1092058,0.06175901073657972,0.1161477642774446
1087808,0.23024006144439674,0.12112336642635663
1084654,-0.04952504421128044,0.12043068024871412
1091310,0.1250978301715547,0.11992831450804117
1089606,0.6485194944813326,0.11971246078389314
1092224,-0.19410259603341484,0.13775083439039293
1089374,-0.23956681375631197,0.13032404570260492
1085648,-0.3782123194856673,0.12621170779464297
1082694,-0.5631567279975737,0.13334800509685363
1090922,-0.5273964226532202,0.12646907262761423
1091020,0.025055577988706102,0.13502107441464262
1093256,-0.0024796881742404834,0.12283895015888951
1086314,-0.8072877473305754,0.13793778047087268
1091720,0.2697907028768491,0.12299614360367911
1082310,0.2986827412173189,0.13430955720946341
1092896,-0.06790159356348788,0.1315834592867665
1091336,0.46457032029817047,0.13001859810142868
1093408,-0.5152822029008286,0.12690493778354578
1086440,-0.15797588018171346,0.13920693319072266
1088826,0.14235305682721322,0.12457060319053838
1091162,0.19783740986767656,0.13155366721401726
1089356,0.1989409405236496,0.1402558375495034
1082004,0.15144365209882404,0.12380204989711008
1085036,0.9502940510461615,0.13850281801068032
1085876,-0.2805127224368806,0.13073184497882226
1092076,0.2842729266507675,0.12463186258095418
1083102,0.13599065429617208,0.13069627993804073
1084710,-0.005849529889348483,0.11604753135137572
1090872,-0.02715374642501864,0.13093470292040546
1087830,0.4061638170152123,0.12955458132788447
1091732,-0.07173963420140164,0.12200573439121276
1088216,0.3205709753103074,0.11828742164345214
1087032,-0.30347967351883953,0.12480495548170328
1085034,0.4684736982224728,0.1265624236754684
1082418,0.26397259535726325,0.12373803913396089
1091048,0.2609182217956434,0.12604829891309938
1081634,0.30858479956260426,0.13617539409822058
1091706,0.3945815556268476,0.12998537163994464
1082532,0.41410598331106513,0.12534914135592629
1092354,0.04844818157297934,0.12848182324706203
1086918,-0.241170917129632,0.13301410543124692
1088634,0.13475339777482526,0.1244412077134157
1085462,0.42338669336374696,0.12641523245069083
1085070,0.5719856626377312,0.13430178619721528
1084624,0.13162724218670332,0.11531713542029944
294374,-0.12190244241305531,0.12767359291488953
1091596,0.12317425493128435,0.13405141104746413
1089212,-0.3243683816537483,0.13723893247628388
1082510,0.2930286023709731,0.12097157126916437
1085486,0.36899271585248805,0.12216592429979921
1089708,0.694004382817764,0.12403764509415609
1081274,-0.36350943277868597,0.13170024777546466
1088690,-0.05079398827797681,0.11848081321430977
1088282,0.061494113399244744,0.12157470559401387
1080352,-0.3631569600115086,0.1401114594365917
1085708,0.2070229819157408,0.11609032237177094
1088876,0.4028693619603478,0.12447412049301389
1093506,-0.04903651381136732,0.12841554368218672
1082148,0.13710768280144106,0.13366730590736112
1091050,0.5675639063378516,0.13139327732084852
1084618,-0.12442071742176072,0.11604114702509899
1086982,-0.6556869213680878,0.13389109422693726
1083812,0.04806177074729985,0.12965573122655022
1094006,0.29212163732847474,0.12309136762959176
1084354,-0.17364133217866676,0.1239436223221761
1084296,-0.22851112415368763,0.13036840370449698
1087660,0.29047919413306805,0.13168190799718327
1080848,-0.8734710355091145,0.1415421404038055
1093812,0.32694395795282694,0.12744888208109903
1089646,0.6481851505542378,0.12196136205677312
1089234,0.0230123447215081,0.12870915081855808
1084298,0.14771703076328996,0.13320200945354474
1081484,0.3504229051061153,0.121777132036817
1084232,-0.2509996844656301,0.13535802778104733
1086224,-0.3933076951918053,0.12950220025216955
1093784,0.13035180524454518,0.11978798768378891
1092036,0.6374301727342665,0.1302935765013396
1080222,-0.12332789781120596,0.13214517432820577
1085742,0.1614058247864107,0.12210320041847672
1091226,0.2175481781691222,0.13037577234195413
294350,-0.16404855645595412,0.12956641833849275
1085698,0.1027518522680587,0.1215688691029593
1088626,-0.046004099035507465,0.12840959495712365
1091682,0.247068397305123,0.12135250020769113
1086256,-0.608270389763422,0.13304079752416545
1095386,-0.1941029557735746,0.14627916692215176
1090770,0.1351083218044048,0.13737548079069958
1081598,-0.31760072052643673,0.13343666754503233
1088666,-0.6438388050546556,0.14058435929605256
1089220,-0.043820655373864426,0.14141393277357617
1085332,0.7221525291704908,0.13793545026249002
1082134,-0.07006974352135768,0.1290539311863603
1084404,0.0028439346933786746,0.12465818797949284
1091438,0.30348326090438515,0.12433641812611003
1085108,0.3966497988467574,0.12895217491757285
1092042,0.2144311163367153,0.12825549419315
1080428,-0.43408872131532933,0.14147729144384444
1085712,0.21045744164312674,0.1164684688552385
1082164,-0.7512027737591891,0.1444327854898909
1093754,0.08915718762744314,0.12918766149351857
1081412,0.723346360494677,0.13924479767231282
1092222,-0.036038674729511944,0.12559104432414786
1084048,-0.037516733222529845,0.14689875364257624
1083234,-0.6511832162769599,0.14011959195543955
1083818,-0.18126411054374483,0.126785378147026
1083946,-0.1688272358036081,0.12516059434998744
1094054,0.2773966224872423,0.1297706419805608
1086884,-0.9523771734787849,0.15429420238272218
1084050,-0.10597078046043125,0.1276716298965495
1088230,0.21534949512000576,0.12334384569837711
1094118,0.32699670396351205,0.1275422608113972
1084092,0.060087244591220175,0.13288621678175877
1088212,-0.0727601917947379,0.12023293147051643
1087250,-0.1983348999535671,0.13369456115069425
1085612,0.060988516955254556,0.1296399436116858
1090852,-0.34000766126746396,0.1239602453775847
1090098,-0.050829469521850225,0.1254570002167211
1081330,-0.472726800871667,0.13750410468191399
1080186,0.14136932271402555,0.13472263994668887
1081358,-0.19654148063380553,0.13882865623892676
1087458,0.05802508450379246,0.13407167941076467
1089844,0.20762473447671878,0.13921868287366226
1084122,-0.12111306665068723,0.12607211396926796
1084346,-0.2056798843490109,0.12223575906452035
1080622,-0.4997631139174613,0.12560215459611762
1080920,-0.9313294505863796,0.1419328440657121
1086408,-0.5106875330264314,0.15371303255805444
1085780,0.17302792400512432,0.11933224015588538
1084406,-0.32724531135898405,0.12564973704382026
1093712,0.39077608265750885,0.13078987552078314
1091068,0.02834328416919284,0.13127947360262635
1094066,0.33856952462166234,0.12858942588855057
1084642,0.2252407430962707,0.12424646825207851
1084248,-0.4714862801292089,0.14050889589846108
1082618,-0.9579850414171845,0.1483114247222456
1080886,-0.9739392514120017,0.14019347578012162
1092168,-0.1560534905731561,0.12664438983899046
1091608,0.12129435620745592,0.13141415263723857
1081450,0.30085074134979567,0.12421016151446114
1084462,0.2519969363869165,0.1318433987292043
1080830,-1.0227644641425722,0.1356465833602843
1090412,0.002190782776473354,0.13038655489353765
1086032,0.16084709169544184,0.12879846285465113
1082696,-0.8319362698664645,0.14370282321742098
1084408,-0.13795432988795045,0.1288794733742341
1090104,0.11545310191679162,0.12985044314826347
1086910,-0.36916689703666195,0.13496994897191597
1081842,-1.1136794621133494,0.13643581882490732
1088822,0.42795251333174367,0.1308474309300747
1081570,0.5757308808108743,0.1288841848779632
1084272,0.09697242532451845,0.12296325996941221
1081342,-0.6355775872039546,0.14808076997138464
1092890,-0.3721866318339137,0.12219241655511544
1081724,0.21330036486983123,0.12882348464270843
1081270,-0.38434537896611126,0.14071556098320653
1087680,0.576422492200564,0.12462890253779423
1092416,-0.1786371816573023,0.1366444306270503
1081692,0.16573898500770484,0.12730439901623114
1090422,-0.2654733226281376,0.13513813648932865
1092320,-0.13317258750481306,0.12471685076788588
1080030,-0.19383614522459003,0.1319780222986512
1086914,-0.3892803219869554,0.14063767806825317
1087124,0.2757612913391104,0.12219414938590478
1080408,-0.3706650897551342,0.13513981938435507
1086634,0.3988736995242061,0.1258661273721779
1091018,0.5675538291715351,0.1286880255790192
1088014,-0.5072014036703989,0.13636037695107606
1090442,-0.30473296037981285,0.13729215731184893
1087040,-0.0651026608138402,0.12342865257128476
1096166,-0.43914543818932306,0.17706473788603236
1091060,0.06823279011134144,0.12582047941805077
1093606,0.2366604264912362,0.12132586498375474
1084734,-0.10863229303963863,0.11185444962917013
1085980,0.2580490546308506,0.14570983799104703
1094112,0.23343873610336283,0.132124066759168
1082412,0.5922731546299492,0.13482660359570733
1090652,0.5458031076630124,0.13198563148064069
1092560,-0.4500824022786991,0.12405573756052458
1093222,-0.25903110989752015,0.12797570800779554
1086438,-0.43390071604398345,0.13432069278871397
1082584,0.30074778427451265,0.1244879151364095
1088936,0.2492298021199489,0.12507028635378467
1087822,0.7216792447271307,0.13128826319922152
1082210,-0.15459377817837816,0.12432175010574378
1084330,-0.34250244670762603,0.12090581295686441
1095230,-0.20502624904666378,0.1590058797962337
1090008,0.1725831389574059,0.123336631410125
1084006,0.08378729104789541,0.12788518246977598
1083204,-0.22319257281994387,0.1301057529919471
1080086,0.09112068546528924,0.12476832251701177
1095934,-0.3969481920199074,0.17531703220616413
1087620,0.45015180452456316,0.12879582706747184
1092922,-0.7559837380984069,0.12846351588249424
1080646,-0.38699027112504475,0.13750731287164022
1095216,-0.41528010098193735,0.1442731311622489
1093934,0.5564563933311628,0.1335466794449435
1084172,0.07941733833975292,0.126222428749133
1083820,-0.1685369050206968,0.11896585906196437
1087324,0.45440685236074385,0.13933177227556262
1091014,0.5053464212313653,0.13701341607229162
1091646,-0.0216768916460426,0.12373960854840386
1084732,0.3503052594703012,0.1296600276844007
1093778,0.560612394036455,0.11960788910314635
1083922,0.09348037108387912,0.12532769822981205
1093440,-0.06453823376058067,0.1321317401621907
1093262,-0.20520080162344798,0.12587116354584454
1088842,0.013201809090449735,0.12871257738265607
1091232,0.048072147497329604,0.1326894715288173
1088010,-0.20813405858014872,0.13226536392264165
1082562,0.13798537394953966,0.12432611945287075
1082726,-0.7842399742918249,0.1350447108296195
1092030,-0.09842188023787683,0.12312676501846478
1091302,0.47232528406232316,0.12556495473165344
1084630,0.1696522585358316,0.11254305864090873
1081650,0.4728262420281988,0.12513024958177224
1091552,0.27916419309951024,0.1251000552675674
1084516,-0.15553654478372894,0.12935547275266873
1081260,-0.36542152323345206,0.1330595133187028
1086326,-0.3795602364516295,0.13354685760699164
1089626,0.6351857626651064,0.130712568269318
1089254,0.33364645077055377,0.12782068072918568
1093216,-0.08896078352634038,0.11705915440015059
1086920,-0.5160842199903533,0.14182357891978611
1087078,-0.023159073488643652,0.12041536547652797
1089214,0.04134725840322137,0.1325251379477268
1090636,0.4112745534003866,0.12711378424044503
1085276,0.36459450613757327,0.14203940446457766
1085430,0.1113017123566839,0.12570702323890928
1086512,-0.5608632015490934,0.1470311280428714
1088040,-0.60398204200512,0.1393533143102181
1091666,0.06795941164505662,0.12371914692452038
1093360,-0.12177679348073704,0.1137887387069426
1086718,0.5901229144119978,0.1298217061349793
1088638,-0.2609186782813281,0.1278843039609739
1080116,-0.018661275702213022,0.1302362239272961
1082218,-0.003415673031445536,0.12283994890040797
1082644,-0.48110671244274006,0.13941354662120675
1087454,0.3156049220792218,0.12644640021787384
1086658,0.6519075000947899,0.13485840037370783
1087330,0.3763844375512222,0.13859605456889784
1088430,0.08000279467414319,0.1306955316002244
1081862,-0.6360681176699798,0.13328557113997033
1082288,0.2559663669649797,0.12867630259018042
1093214,-0.43707677292914016,0.13022632461341604
1082098,0.042772609546230425,0.1252047339031476
1080282,-0.36630280472863935,0.1367946553087554
1080132,0.2774252308327968,0.14183366075822895
1082182,0.023714546285351856,0.13043099192451424
1094050,0.46369560737546145,0.13245767523951824
1090428,-0.1511340165004294,0.12868619060070619
1092044,0.04189744199741898,0.12503547139588833
1085414,0.34908795420672084,0.12472114983520963
1088044,-0.280585544835701,0.1343938053357888
1082048,-0.24740257610995706,0.1268522473169146
1082234,-0.2858486160932193,0.12866112451178655
1089722,0.6600085916088672,0.1285453620772781
1087228,0.7580883903894359,0.13636335371790295
1093296,-0.33537543780517626,0.12309074676334056
1090446,-0.005150243000884524,0.12366692914835523
293480,-0.45024730324204665,0.1283250303176807
1080212,-0.4684890215932019,0.13770825193494426
291400,0.21199009656289755,0.12889658643071766
1086466,0.15024430774310382,0.14619324976302578
1082058,0.14133337396686602,0.11932055600054306
1085244,0.3414851645444589,0.13143928719032508
1087616,0.3292490965675376,0.12489782103069275
1087522,-0.10972911682683024,0.13337988591833685
1094136,0.20101161708632828,0.1233149665798116
1080174,-0.4182501871634227,0.13507506309931328
1086186,0.5445908865178355,0.12918468404258554
1085058,0.6859499955993336,0.13102496804897895
1093686,0.7370701161453876,0.13050144791578291
1082040,0.14819202788958113,0.11960389466673257
1085610,0.5059493426883673,0.12461234600803898
1081440,0.37360110449068046,0.1264924115584864
1088030,-0.5792456493349352,0.13199595470037626
1091778,0.6195781972212133,0.12648601292743308
1081868,-0.04445044826767828,0.1299375193125656
1087526,-0.15789756341951705,0.13196244260266807
1092032,0.2396695050395656,0.13824345340214975
1088622,-0.1285030650315831,0.12782832622428536
1087062,0.07133011428690963,0.1200322417118728
1094030,-0.24219257180032847,0.1336475902301072
1087828,0.4219362838483871,0.12371081367919895
1090418,-0.19028789526354656,0.12155077091978375
1088848,0.7438024753085584,0.12551141986881828
1092026,-0.03607767655171225,0.12742115585803268
1081588,0.26628763740123496,0.1184553276187327
294266,-0.5733560519065752,0.12619993049625117
1085744,0.55544904665266,0.13150427157450412
1092512,0.17611570330367243,0.1313815916719942
1083074,0.5566676183446173,0.13744938171850152
1081896,-0.329190945988385,0.13342171963585214
1091598,0.27636967119529543,0.1308638488284464
1093212,-0.3904066199080465,0.12572039817215525
1086622,0.32308043359246674,0.13211353245286742
1090982,-0.04525866042700299,0.11615347874209221
1083876,-0.3031912222683087,0.12985030057969293
1091418,0.1509443887549982,0.12875374529834943
1090456,-0.32510257134801984,0.13568816602280462
1087820,0.4696432007409545,0.11657643096750453
1088220,0.04459933997943439,0.12816561334510998
1086262,-0.5876025899734576,0.12242296444492722
1093258,-0.8666771334467689,0.13183174715604198
1080360,-0.3242708464008664,0.1371432105502988
1086528,-0.09342402863028519,0.14379860187727253
1089816,0.23831030811836498,0.13743562541760648
1088452,0.038089661483377384,0.13437379597322174
1087846,0.29606747292740265,0.12271797027739252
1091054,0.34668087788768737,0.1261126950281206
1082428,0.07811192271484446,0.12534370900958458
1083282,-0.8372371952533968,0.14903985628663505
1088052,-0.2184636410830784,0.126729606543271
1081696,-0.032956474533626226,0.13078516535307333
1080916,-0.9653131103024992,0.14763656200909697
1093234,-0.4781712798329532,0.12427690350729491
1093764,0.45194607542506654,0.12352005697682447
1088056,-0.5208643330867019,0.1392876287722086
1093528,-0.22669246918461855,0.11852773402804026
1093510,-0.8126867738788099,0.14084104877395973
1088836,0.22416811798794034,0.1356189409235889
1086962,-0.021154485123556954,0.1373498361765347
1089992,-0.11746277012989235,0.14034963957953958
1088620,-0.08815634928375239,0.11170041537942926
1085164,0.5558223623642493,0.13744387192677648
1085440,0.07377106404853942,0.11630735827010809
1095076,-0.051233679865130555,0.16937463951250187
1084212,0.07641342231160639,0.13094893359146192
1080024,-0.29044841245738523,0.13616491886797255
1081828,-0.6879020254388756,0.14080654495332737
1082260,0.18163970217814734,0.13702822655393468
1080964,-0.42996398979747447,0.14577499132092922
1093340,-0.7136942931253419,0.1283618200311582
1085470,0.08182618597602909,0.1204929965951517
1080178,0.07716756655290459,0.13313064869902327
1089634,0.6604046431239365,0.1234278082196841
1092438,-0.5664954008083115,0.13867557408973505
1092326,-0.5503520384917784,0.1387851862443993
1093818,0.3153253570789539,0.12703489934506357
1088422,-0.6958326361905801,0.14364892737894638
1090746,0.35801166011877755,0.12450831089044394
1091212,0.2874024082097311,0.12944511605224046
1088142,-0.07987728159096552,0.1353985510709917
1088234,0.24115480473684092,0.13137249069624768
1088260,-0.34322885412049153,0.12915314517740561
1093844,0.18075107564144904,0.12187652522480748
1091660,-0.18569612750631367,0.12484438629362588
1093228,-0.3047480079353169,0.14015557615186702
1087644,0.28505401908649003,0.13330710215406047
1087848,0.13480891153818744,0.12763565786074363
1080148,-0.0435220746329433,0.1321441457576575
1082596,0.4295372982948574,0.12798226603938062
1089210,0.20716582355330793,0.13376871462104828
1089934,0.07589081711233002,0.13428012499429884
1085242,0.4492817002186727,0.12480052951398256
1081980,-0.7070566454945749,0.13122343436674555
1087352,0.5044214191042508,0.1383385120513279
1087618,0.5078187862244655,0.12608557812031024
1089702,0.37147415514698695,0.1229378592752103
1083298,-0.425251776907458,0.14446601259123387
1093810,0.1570848630081405,0.13287125140418238
1091038,0.11436803344193767,0.1329515014096409
1092498,0.03909091376398963,0.12412944136748713
1085476,0.8941706499165055,0.12881509022118284
1080314,-0.3937911288160812,0.13314742581283898
1087786,0.7733740450139132,0.1300261884096279
1092894,-0.16873210060612054,0.12965413627521294
1081916,-0.15772323889372047,0.13336764338365287
1084422,-0.4040542031410754,0.13275415732017362
1080276,-0.25170231605639093,0.13365095674043784
1080730,-0.5781161482181063,0.1333173967906301
1087286,0.2927549451926279,0.13242364049365268
1081408,0.06578279594911082,0.1314304534092783
1087006,-0.07904498131802402,0.11672337103829593
1081436,0.5197394530184026,0.13061589964539666
1092014,0.37119375051258635,0.12564719361546728
1084042,-0.21321116044265567,0.13540506583117146
1088412,0.27832701084457295,0.13257327731936108
1082342,-0.3947362627904261,0.12575874398120798
1088846,0.3351507387088648,0.12078361707445869
1087430,0.038095049204785916,0.13230216842347878
1080214,-0.06601992316701864,0.1347976644487973
1081894,-0.7300290609382786,0.14174430960156548
1094448,-0.27452136993183085,0.17552918931320555
1083012,-0.45121782243310765,0.13817442713610717
1092820,-0.5028483008716852,0.12765136838563973
1094116,-0.09836373993440853,0.13270420500370814
1085340,0.3037834579807196,0.13194540206879013
1085204,0.4307803214710768,0.1353416999597896
1084644,-0.01845516332800131,0.12028272522668
1085054,0.5707418985559601,0.1257501302442195
1086514,-0.2407181109570388,0.15184196050877022
1093974,0.42137674443293816,0.12662128531183361
1086152,0.4995079719790199,0.11815676212988095
1090818,-0.4189141106791092,0.1291700993877742
1082474,0.3867454689987179,0.12726227692189393
1080874,-1.3128675675631851,0.1614085225533422
1083858,-0.33816980071710234,0.12944692214238265
1083838,-0.38626859446782374,0.11904341889000544
1085274,0.28127643829721,0.12463280228733481
1085436,0.2802714924121163,0.13258917711276247
1086518,-0.43415595828336045,0.13835621843904228
1080472,-0.41877179851697366,0.1418844577237784
1082248,-0.2594839677124725,0.1267257328189337
1086662,-0.06196546844341321,0.1316610254735965
1090810,-0.34357792639555074,0.11543983200080077
1085704,0.034677120844313035,0.11887270393522781
1087318,-0.07624881397170692,0.1309795701658608
1092020,0.03651173644470912,0.13101348670099486
1081720,0.44691893661269877,0.13162597553794886
1084222,-0.5988468672874715,0.14211862296636255
1082404,0.21174619433235606,0.12384970811956664
1082180,0.12258648240756083,0.12972648712595536
1080644,-0.3187198323850488,0.1413589737342611
1087810,0.2184781358875458,0.13190789570416722
1090218,0.30109646013340363,0.14278838125117752
1084712,0.05935182931807051,0.11698609310518969
1094160,-0.10745743160412535,0.1390181073925049
1085424,0.04988053375306472,0.1254865870730727
1081846,-0.4871219255900411,0.13462105792700424
1091566,0.09748627331878972,0.12260334112167456
1092926,-0.6659351352053832,0.1304039660664181
1087364,0.33291770880112426,0.14133140104410802
1090258,-0.09444158704645177,0.1409208870666763
1093860,0.5217353892802354,0.13586016746813848
1092418,-0.18832228720939956,0.1308532995243879
1084146,-0.00982436579580519,0.1297375514670993
1087626,0.7680584743612395,0.1309010167760237
1087646,0.3901005044264961,0.12456597043822785
1080372,-0.5250243363376865,0.14094973638283542
1091028,0.15117457634533712,0.12839133823309312
1091034,0.018134188747971736,0.12224298442568385
1080492,-0.6329357374872736,0.14108619013925472
1086352,-0.5008709726218987,0.1273850196877815
1087506,0.1337028672475607,0.126712818891592
1087218,-0.05231132532688237,0.1329269222063591
1090250,-0.3550395112388022,0.14774613001017986
1090632,0.5035788857758534,0.13758733792925923
1090048,0.12141811694452949,0.117039849483603
1093218,-0.461323762666279,0.12388439583071681
1087528,0.13062622206037774,0.1232275518066675
1089828,0.14750517308868238,0.1311045234122132
1091012,0.3265055770297829,0.1339072650649692
1087234,0.18449785654418538,0.12471202596693402
1080140,-0.00338830887644789,0.13181013552608153
1083054,-0.2018065524823452,0.13522747010536637
1091254,0.41535048558450305,0.13175389649350322
1085454,0.6418430655537968,0.11241683956217197
1086532,-0.4297231201755487,0.1480784105260221
1080814,-0.9338753213046024,0.14884409433257823
1093658,-0.01712216243982445,0.13460901777686865
1085434,0.2830903973932863,0.126255824569587
1086646,0.3017708041160967,0.12969825405297264
1086056,0.30449286393138936,0.1154071928842951
1090324,0.6067462759299024,0.1459296362587881
1089912,-0.22274589848487644,0.13726177851572158
1085624,0.07306996409490436,0.11740509310073424
1084414,0.08503994754641174,0.12649109317105617
1081810,-0.5079217573638364,0.1384236161442158
1091238,0.43990813567803105,0.1250812221597109
1087642,0.29328860352455755,0.12287303093858185
1085450,0.195280589019684,0.11331953891557214
1085916,-0.16404586018159065,0.13551776803369217
1090618,0.4423447737887205,0.13486885110959126
1090028,0.1388648176418654,0.1279960744622253
1087022,-0.08971505660438786,0.12073778623640849
1092016,-0.14042435644824133,0.1269522411327914
1080608,-0.7797864364089332,0.13697642684841854
1091554,0.19163082809758986,0.1293619003265066
1085880,-0.21716844226143267,0.1323293375169839
1080494,-0.13562181525374994,0.13571954074992507
1087034,-0.027999336017100262,0.1160818484120959
1080656,-0.3864596950138477,0.13038759795672591
1090716,0.5516526430812835,0.13690893059619255
1085024,0.8184980132295455,0.1223309527723082
1085062,0.9751592468154274,0.1423417567549355
1089226,-0.21553985506495282,0.13809695387635437
1082140,-0.1285763860535335,0.12335042401338174
1089244,0.15729086565763858,0.13762980301154348
1080228,-0.3480453116786552,0.13629752730020125
1086642,0.46497777151091013,0.12737679290161386
1090978,-0.6344111008118308,0.12774215977238113
1083284,-0.6819690989516921,0.148697079620774
1090856,0.037400530678592864,0.12750092073341301
1093458,-0.3955905854484773,0.12987298395287675
1086158,0.44968663222340066,0.11307434023525753
1080782,-0.38780109504785104,0.13968167305068094
1080478,-0.14371841417214723,0.13632698330063808
1080420,-0.2489569114687532,0.13440298077208698
1086420,-0.5956823082923305,0.14128426677168412
1087508,0.2444147456151408,0.12811133228466334
1084478,-0.18463685588654538,0.13218421485677803
1087390,0.5899706375219893,0.140818919240069
1081442,0.2798478792076314,0.12129499525711271
1089966,-0.01850593252861083,0.13594562739871724
1085354,0.6579319702527915,0.13116961243979786
1089842,0.18759927194155848,0.12746650127665313
1085032,0.6334551196363023,0.12081672102766779
1089916,0.08839759671340969,0.1267509580613839
1087694,0.6398855130804096,0.1314932380196071
1087654,0.5190334487819791,0.1295848406074753
1084568,-0.2026318320595557,0.13117433094532613
1086640,0.4684726018029048,0.12023983372334386
1088468,0.3456022568499836,0.13162570777504526
1088254,-0.054577759264507995,0.13056095631940953
1084524,0.24522899553939395,0.13493937244184087
1080918,-0.7615501620906258,0.1453419184863609
1085664,0.1747045427595319,0.12521811651936302
1087426,-0.2774627817426637,0.1335964310109478
1088668,-0.0837673345391142,0.11740948085981377
1086260,-0.13308056130300483,0.1329773929721399
1088456,0.037605280514222156,0.12967215818965114
1090130,0.5856268530489263,0.11709805090845507
282200,-0.004318421387753345,0.1246383428932702
1083062,-0.010148412108438117,0.13513025499685266
1090482,-0.27298576631285654,0.12767970228958933
1085418,0.21994933501588065,0.11732263110117497
1081414,0.3723517568467135,0.1293822775108934
1086068,0.16990957838796633,0.125767923065271
1081244,-0.9310002668334717,0.15830873979450935
1090672,0.35472909194461427,0.1292892179317543
1086064,0.22359084357829434,0.12847578357367306
1093862,0.5971591065753876,0.1318628478312258
1090230,-0.4464724513492069,0.13784839771460664
1085438,0.47497839177600015,0.11486556517828114
1089712,0.6730458976630224,0.12461736255023155
1088272,-0.13328881877535606,0.12389945644697715
1080238,-0.2555078063503923,0.13689236009160538
1090772,0.5671310147615406,0.13909739968012982
1090690,0.4991346130121097,0.12611126774037082
1089724,0.5426059258428296,0.12678086729368676
1087776,0.33996059175008675,0.12505080392483975
285600,0.006424760508097296,0.12667622093633668
1086944,-0.49192712447306647,0.1422374689394681
1081448,0.45157212058063306,0.11801153339761027
280200,0.09243472763602983,0.1296155666887169
1085060,0.3382731562553839,0.12950408099822294
1081604,0.41251802510189073,0.14005515199278257
1088122,-0.3727937891653446,0.13246183001904446
1086364,-0.755158969844511,0.1280044202406822
1088404,-0.12801493092038257,0.1378840485932104
1088386,0.10240071857780486,0.11954510219533576
1080786,-0.4278866236857647,0.13192487674699876
1082010,0.031109933362463732,0.12718616608719
1082614,-1.1931759235428765,0.14884313706954272
1092510,-0.3356937500793046,0.1413897944247932
1082044,-0.09379274467360008,0.12312475972102295
1082250,-0.14481659476797715,0.12482192490419598
1092882,-0.1662698150696076,0.12810303055971403
1080332,-0.7347425077352978,0.14078247213152492
1088432,-0.17231506372752972,0.1306487873883198
1094184,0.2596870137854676,0.1294473955688778
1088314,-0.016109696354154063,0.12388720241514395
1081642,0.39619458454185885,0.12459263192096916
1086452,-0.39646739335379555,0.134843682743843
1082224,-0.3259120161945237,0.13733087483774253
1081838,-0.2519759994039584,0.14000213857680463
1091450,-0.06423424974659094,0.12886129571023203
1086222,-0.9060278806991042,0.14566317661305125
1081416,0.46425794792290165,0.13146681983488737
1089236,0.48282235635275395,0.1371739589784023
1084632,0.12822041537517495,0.11554027780754554
1080154,0.19643918410148567,0.1296389700776606
1093450,-0.4196906617937504,0.13513246959333522
1080470,-0.22833654315945154,0.12907201345631406
1095588,-0.06544001692729139,0.16747065478060907
1090122,0.6972491392874456,0.13936393725402557
1085724,0.09284909602296056,0.11683154072289152
1087214,0.26052568454035974,0.13447528952561752
1090944,-0.6454035381723318,0.13366295841791007
1086074,0.641081991938919,0.12675738344266776
1085120,0.5279086410549992,0.12771893964160125
1085320,0.6805371665715899,0.12975796935910874
1087038,0.21550932289172436,0.11685355940901783
1092312,-0.04346818560129946,0.12416437946492336
1087634,0.18207993452204183,0.1366096286201866
1081280,-0.2831503329774654,0.13573542020312065
1088646,-0.23007805838187073,0.127646573939322
1093626,0.7723033888070356,0.1395455256374504
1086180,0.3307729299916411,0.11696988947528716
1095708,-0.9414103352928228,0.20038190448267085
1086632,0.3070577372946844,0.12416008821689618
1093814,0.03543848159701262,0.12511881091236066
1085446,0.2996658540831598,0.12851850675172488
1090204,0.09477460358609133,0.14541351444031753
1086228,-0.3647691612383467,0.12696396927675646
1081854,-0.5087739741815821,0.13073577717108323
1085322,0.22060641172741097,0.1377054938416477
1088266,0.18687976566744643,0.1273317821476481
1090060,0.21780448374791764,0.1352684826229519
1088106,-0.2702852898756308,0.13499803017382508
294390,-0.32085076462481327,0.12836830974658106
1085666,0.12316874770712911,0.12874645830008752
1080458,-0.31043097565779487,0.13681969767447552
1084032,0.26560863460221523,0.1264523194292816
1080932,-1.309168974011569,0.14838797947375285
1093624,0.3923693379557476,0.1168215177593471
1087418,0.17375547905479183,0.1300387220293506
1088856,-0.2962491728391138,0.13607028069645608
1082266,-0.12086054891701879,0.1334393854859134
294000,0.34763323176428296,0.12376661580428407
1087048,-0.18465898590024757,0.12134689494031212
1081628,0.43199543951558883,0.1313225508988668
1088294,0.45953253217424045,0.13055398130630713
1080604,-0.5629547460680324,0.12441314160659549
1084230,-0.620991360236155,0.13012853894064394
1080272,-0.3770531954620307,0.13130429818936476
1091358,0.23630509039266773,0.1312490841633453
1082270,-0.1653627101886188,0.13591142999946
1090070,0.3768123728052712,0.1275086781959956
1087326,0.11894361589672685,0.13377761479239486
1083280,-0.298806097425804,0.13447572048618056
1085758,0.17239748526490156,0.12250002828260834
1086218,-0.3805804510473193,0.1313789380425525
1086374,-0.8621987093046677,0.13358454550475668
1087008,-0.4600845056465156,0.1277222297407864
1092118,0.03601904282247115,0.11809089952950191
1081208,-0.6228802418472986,0.14785213201787273
1090808,0.04303941376357709,0.11913936353554808
294208,0.34010633935810963,0.1264853969651924
1090346,-0.27336205863759294,0.14158863457080126
1082124,0.5477438051256343,0.1424693589639627
1090850,-0.24716304539811954,0.12035078833671
1083268,-0.3285092043120621,0.14036369989099842
1086984,-0.4450359633951183,0.14107009064407908
1092406,0.009634005549795013,0.13050251313374853
1092206,-0.01874561451628262,0.1321907434949446
1080950,-1.033216135339343,0.1405734518127611
1094110,0.1540314045696756,0.12963631054035019
1093502,-0.24253510557629399,0.12300079444044128
1085428,-0.074276225169536,0.11909136733332652
1082496,0.5596547438006252,0.11678602128537108
1084014,0.05983373529995769,0.11884921151567795
1088464,0.3163076377105943,0.13193794657469943
1091216,0.10487168078638488,0.12976288741636144
294272,0.10433005822009457,0.1303117149795506
1086246,-0.32164078297832605,0.1254542149760169
1084730,0.535841622737925,0.12165676706954193
1082610,-0.6475646286112482,0.1343810425544684
1086650,0.44787817282551007,0.12436069096844059
1088406,0.07173506559296167,0.1328259482798078
1092500,-0.12995701545618557,0.12729216555080333
1083288,-0.45316178536437074,0.14765153220784255
1085326,0.21115798683897552,0.1255836121188485
1091422,-0.07756198876105713,0.11873732493097876
1081614,0.047701160856399825,0.11380810812338124
1083014,0.03658835841007554,0.1391454334085589
1093534,-0.6778184893390352,0.13768293952547972
1086252,-0.6968813710678811,0.13366305479268584
1090832,-0.31416684841082626,0.1275691877139862
1080008,0.15086833970960536,0.12585588343242032
1085448,0.44665221508425346,0.11804878261100962
291600,0.10395046624765616,0.11837219279298053
1091016,-0.24318301305636308,0.13664947461811108
1081490,-0.0964093825205872,0.13006067293216433
1093410,-0.6096938483992896,0.13308941506315278
1092328,0.014169494350798305,0.12419954698468626
1081806,-0.41544220230516266,0.11925855305508531
1093264,-0.031100206860411584,0.1358351054393509
1082740,-1.2218475425941204,0.14676465607043596
1081708,0.06889355851842315,0.12589022377126372
1090946,-0.19476575482633393,0.1176342308470416
1080684,-0.25257500688185003,0.13518197117148192
1088238,0.2144838269044913,0.12203767102464919
1091530,0.07271182695421925,0.12869556661705855
1086442,-0.2288574721708369,0.14502847775161273
1085172,0.49656931954907907,0.12596790553289902
1089836,-0.15709081097399613,0.13310105476843523
289400,0.28559402151526186,0.13433955491350225
1083882,-0.38796666143487873,0.12500418583734357
1089230,0.5081769532797152,0.1323586740812513
1080660,-0.5703773472508666,0.13212539111952193
1086812,-0.6411972577476659,0.13615672799936582
1081878,-0.4047068464396897,0.13746137870083408
1088548,-0.24833655879456895,0.13195230069775007
1089840,-0.0003286524897084121,0.13193983577178528
1081426,0.6396568482253454,0.1371812343188001
1081782,0.4981973745173025,0.12373131714932001
1090256,0.28444442523705976,0.13933456090576282
1088268,0.29793408537765254,0.14153949638569308
1090662,0.4900631962214582,0.1272382509409306
1087436,0.18379761616644763,0.13432536960479963
1092444,0.09330478670448511,0.1362504319447597
1081640,0.2588679193585042,0.12855773863079337
1087240,0.16600215113610775,0.12613036788376483
1087924,0.28459245531689414,0.11680138117698248
1090440,-0.16005543655269083,0.13108545465635382
1094028,0.16242876141356893,0.13038137127800878
286600,-0.19580116141469578,0.14432337715651708
1092908,-0.42762484069577533,0.13035939863920984
1091664,0.3031548678113008,0.12069203773546351
1091308,0.3050961922409738,0.1251387349162561
1086034,0.3865446546696737,0.12473806482617168
1085814,-0.1324227116874768,0.13257925722419694
1080850,-0.783505478760259,0.13609459548923913
1081898,-0.3995769008905989,0.12781952541460176
1090464,0.06735963406542596,0.12507736279265566
284400,-0.028718807782691754,0.1257717195892211
1080424,-0.3008775940369639,0.12930054103584354
1082598,0.47482560565593224,0.12476809300254103
1085064,0.6374826031926963,0.13215831472448664
1087824,0.5468266142553999,0.12791145459444248
1086040,0.578456738181733,0.12808488977369362
1090126,0.5786051818982639,0.12824398004537602
285210,0.10593952207609453,0.12165217924364086
1092228,0.13469843013014912,0.12697059942873823
1093756,0.503230981328035,0.13170738008307076
1091716,-0.1430218199780511,0.13054341374421588
1090454,0.10168123545576502,0.1365198145248062
1090424,-0.03724702320479692,0.12786027817036025
1088114,-0.18887643270699742,0.13090167018543425
1089624,0.7818407676660893,0.1219368956066696
1092204,0.08413165305525037,0.13254003850228407
1091454,0.30834540258705595,0.1317538530167616
1090838,-0.3865488361234519,0.1212870401376254
1086666,-0.2779282551578926,0.12722908486114803
1087432,0.48836914697300426,0.13604272382259006
1093494,-0.7029045319194345,0.12199595927718414
1083090,-0.027780792565080776,0.12869155458814371
1080792,-0.7141631217076839,0.13156342042313648
1082638,-0.5822140320576221,0.13396286854746642
1087344,0.371184972728638,0.13186855190115618
1093732,0.12246862924402388,0.13063899401446374
1087346,-0.11125323590650144,0.13325886418590602
1084206,-0.10692070951197247,0.12378401529870152
1093914,0.3049593985414587,0.12248765141497515
1091610,0.5597055470468473,0.13513482362615567
1090820,-0.3233515241682373,0.12971172408356552
1086714,0.3653660210136318,0.12180152045664941
1087912,0.6721478688529635,0.1224396091109583
1082434,0.1557532009166867,0.12424833663700373
1094714,-0.0907492031801497,0.17370506602473418
1086428,-0.4107426556924795,0.14579768937884593
1088458,-0.04230215497691265,0.14157353044407855
1088494,0.021668394936997206,0.13467159967732473
1092826,0.03435803855451391,0.1424634539272755
1091718,-0.05787924610043356,0.12718153611757815
1081946,-0.3634537824723529,0.14270924140003946
1080164,0.1520587771156428,0.12524330894432834
1087962,0.1539455156743341,0.11574317240743734
1084628,-0.3455703748682446,0.12036560817805173
1084662,-0.04271506882615006,0.12006966680158249
1081474,0.17047232010685365,0.1331616703241345
1088838,0.16722277212512132,0.12989045766159849
1090528,-0.050782027690059135,0.13533251214745956
1084586,-0.30636805845859083,0.13499209244802785
1090444,-0.6068215673686497,0.13993261884867733
1082516,0.1288284520838234,0.11898387781324621
1087806,0.13986245643232087,0.1224898151111268
1093830,0.27620221385443827,0.13085559631710536
1089694,0.9154129157064997,0.12484182601447134
1085452,0.1857150667795317,0.12323339570052859
1084034,-0.10716114607500345,0.11535380472088155
1094114,0.2908953013671664,0.12836529550429038
1092350,-0.04822607042067267,0.12711549558507987
1087306,0.4120504076008534,0.1267381279287278
1085050,0.917057602237814,0.12936354539874131
1089980,0.047751057511585544,0.12823683412737716
1086874,-0.3068976897510493,0.1443946219876671
1084312,0.04721686521319748,0.1261254533394348
1084254,-0.17404977858852344,0.13027163967968733
1084008,0.12902849935846294,0.1260604787735651
1080438,0.3987545643696957,0.14462238062785354
1087092,0.21304656072837114,0.11474137261756555
1082206,-0.009444814441163395,0.12664172753604472
1080692,-0.31865963671493974,0.13059314345724904
1095506,-0.09450189401121731,0.16854454022544646
1089826,-0.21671408864737518,0.12847457298986095
1090056,0.499486540069494,0.12722325591395606
1092230,-0.13910660788685675,0.1243104795169979
1080406,-0.3209724897140414,0.13471836889374264
1083816,-0.49925583784093835,0.13298429183173693
1084324,-0.40092076576755653,0.12975941938035032
1086086,0.5465530547351893,0.11659679992088037
1088840,0.21422076340025506,0.11655778342347602
1092424,-0.4379446412788728,0.1362686720261658
294322,-0.09006685708398275,0.13580035370409121
1080236,-0.3238248421590591,0.13265179185125725
1087884,0.5847407369115178,0.12508308294256748
1080410,0.004954588231134298,0.13388452185695898
1089710,0.6319660165310655,0.11954712536185824
1086128,0.26992256301211426,0.12365218321415748
1085990,0.30714409257543507,0.14127263000467932
1091692,-0.27575243386439385,0.13160870250965842
1092828,-0.413282081214932,0.13216779585753527
1088436,-0.2741336470226706,0.13475557348932565
1080144,-0.05324340419407538,0.13532823553989906
1080456,-0.2231398809987932,0.13426429087581482
1090320,0.12536065942073518,0.1361320525373903
1084582,-0.1280500166863262,0.13420684246168346
1091592,0.11867877609871894,0.1295072380781823
1086080,0.2877265513791219,0.11890778940897456
1091614,-0.3375763395495788,0.12403191081094499
1086806,-0.42236939077514507,0.14336301268567425
1087484,0.14553347219012894,0.12753540858458945
1084576,-0.056315050806607585,0.13108124345383626
1081784,0.05644976579416962,0.12279307761481661
1083274,-0.7722879361972055,0.14276636373871096
1090530,-0.2625119336918055,0.12552924651908973
1091036,0.4869151302028806,0.12982099974565156
1083302,-0.2527478868499824,0.14192997418436942
1080440,-0.28589546465475935,0.13972541452893403
1080392,-0.6462571296378244,0.13672903492982444
1084350,-0.20657411938909123,0.1276008227990115
1090046,0.48882784103554505,0.1281223724830338
1085104,0.8336820508050876,0.1286110410065222
1092838,-0.6031589827387647,0.13450164712697055
1090058,0.28012470715220245,0.12832362007343254
1092810,-0.4491620559676916,0.12236147754477196
1086242,-0.4692459687981738,0.1275337586447118
1090640,0.3549892330339372,0.1317385392164203
1093804,0.39282818543322834,0.1274152603256698
1086236,-0.0648395958227014,0.12257913132294375
1085018,0.5250156512451172,0.1303218230579791
1093368,-0.3307774478743396,0.11936719145924911
1082100,0.6079396933488443,0.1284708520258898
1093912,0.4539984097860312,0.13121266822915298
1091222,0.2542297558275715,0.12359458487078043
1086058,0.06471569528670512,0.1308000081911985
1088852,0.39870230541804286,0.12181159787692498
1084224,-0.20195885197624644,0.13991099018209655
1094820,-0.42374821973063537,0.17371231318062183
1086282,-0.7442677887354348,0.1332148562849466
1091590,-0.28146376431048875,0.13007054999018808
1091634,0.38647451555376094,0.13513684366813353
1080940,-1.1037059416372075,0.14635908411634432
1082450,0.24969471420675954,0.12086402178539025
1090248,0.4630695625252069,0.1441381176724232
1092048,0.19357754586199152,0.11636545102987136
1086730,0.41197408408305075,0.12487599305884552
1088814,0.35199094318324003,0.13206190868846612
1094046,0.45869852424296725,0.12923326589788697
1090232,0.19066536141353274,0.139834179465298
1087560,-0.03707239787523065,0.13547378745385286
1084410,-0.5638902220042964,0.13374698896311074
1084416,-0.5423901138763823,0.1285783842439689
1086322,-0.2576465996598041,0.12936768604323054
1089252,-0.26949697242124826,0.13164525092903354
1085218,0.3060816336016681,0.1301545446088373
1087628,0.5334662330768181,0.14500617878244054
1090030,0.14187049086019088,0.1331825743727667
1092858,-0.6358872496155249,0.13154906848944317
1086460,0.08459267311784667,0.1379344768685596
1088072,-0.43785761474204965,0.13485901468552391
1090762,0.4619225117624797,0.1395786388898512
1087072,0.5103661511742348,0.13439487070875952
1088926,0.6623272790629942,0.14020405209121004
1092034,0.034156048138947764,0.15028611179615248
1091064,0.30000474981711145,0.1316508567059185
1083814,-0.02340282607363647,0.1368058925523862
1092214,0.08051589504316649,0.1307408942696891
1092904,-0.3223896667635081,0.15098299251358496
1095250,-0.5848835124848718,0.18381893352180653
1093716,0.09873716721538313,0.15361330477017593
1091584,0.14700482312976973,0.14662850012314646
1093702,0.6060729647002941,0.15220344672940675
1090312,0.009859559541063713,0.14288753598048906
1088450,-0.43559034860489265,0.1563096439544384
1083824,-0.018092635188292162,0.1448836880172409
1090216,0.17519225274125166,0.14613663261759807
1093456,-0.545618880866405,0.1619986961464445
1085238,0.020873090048073334,0.16007621468634883
1080300,-0.6735503347947337,0.24822268562726577
1091206,0.8349325003912661,0.20283142462078707
1086456,-0.49234950517325726,0.18299727350594266
1088074,0.06118198022896238,0.14886132743160804
1085714,0.25957791306742584,0.1949611121026142
1084646,0.5530068571776064,0.19702349896276272
1087030,-0.2368287108954447,0.20487391005565098
1083934,0.10003650336950805,0.20150616931738885
1093416,-0.36508481051958797,0.22853507387103164
1082216,-0.8285392531824609,0.23954998197821933
1086886,-0.2617338470499257,0.2343550430047317
